39 -1 365 -1 431 -1 431 -1 628 -1 8632 -1 -2
3340 -1 2234 -1 3070 -1 2750 -1 611 -1 3610 -1 -2
39 -1 365 -1 431 -1 431 -1 628 -1 -2
153 -1 203 -1 365 -1 431 -1 431 -1 -2
153 -1 203 -1 365 -1 431 -1 431 -1 22644 -1 -2
2750 -1 2750 -1 415 -1 415 -1 2750 -1 -2
39 -1 365 -1 431 -1 431 -1 628 -1 -2
56 -1 1154 -1 4712 -1 7315 -1 90 -1 11224 -1 873 -1 -2
39 -1 365 -1 431 -1 431 -1 628 -1 -2
26687 -1 26690 -1 26713 -1 3748 -1 25274 -1 3836 -1 -2
39 -1 365 -1 431 -1 431 -1 628 -1 19831 -1 -2
2035 -1 551 -1 3798 -1 415 -1 415 -1 -2
153 -1 203 -1 365 -1 431 -1 431 -1 -2
153 -1 203 -1 365 -1 431 -1 431 -1 -2
153 -1 203 -1 365 -1 431 -1 431 -1 -2
153 -1 203 -1 365 -1 431 -1 431 -1 563 -1 -2
39 -1 365 -1 431 -1 431 -1 628 -1 7197 -1 -2
1030 -1 3216 -1 1174 -1 20449 -1 10161 -1 -2
39 -1 365 -1 431 -1 431 -1 628 -1 -2
153 -1 203 -1 365 -1 431 -1 431 -1 22644 -1 -2
3114 -1 3087 -1 21354 -1 2326 -1 4098 -1 4023 -1 3747 -1 -2
5869 -1 1299 -1 421 -1 421 -1 783 -1 -2
153 -1 203 -1 365 -1 431 -1 431 -1 -2
153 -1 203 -1 365 -1 431 -1 431 -1 -2
39 -1 365 -1 431 -1 431 -1 628 -1 -2
39 -1 365 -1 431 -1 431 -1 628 -1 -2
39 -1 365 -1 431 -1 431 -1 628 -1 -2
153 -1 203 -1 365 -1 431 -1 431 -1 -2
39 -1 365 -1 431 -1 431 -1 628 -1 -2
153 -1 203 -1 365 -1 431 -1 431 -1 12794 -1 -2
231 -1 1344 -1 611 -1 3610 -1 415 -1 415 -1 -2
3197 -1 3254 -1 3243 -1 24079 -1 826 -1 -2
39 -1 365 -1 431 -1 431 -1 628 -1 1214 -1 11762 -1 -2
39 -1 365 -1 431 -1 431 -1 628 -1 6874 -1 -2
39 -1 365 -1 431 -1 431 -1 628 -1 -2
39 -1 365 -1 431 -1 431 -1 628 -1 7197 -1 -2
4134 -1 2750 -1 2750 -1 415 -1 415 -1 4134 -1 -2
1066 -1 39 -1 365 -1 431 -1 431 -1 628 -1 -2
153 -1 203 -1 365 -1 431 -1 431 -1 -2
318 -1 5444 -1 515 -1 10594 -1 16346 -1 6009 -1 9482 -1 -2
39 -1 365 -1 431 -1 431 -1 628 -1 -2
39 -1 365 -1 431 -1 431 -1 628 -1 -2
153 -1 203 -1 365 -1 431 -1 431 -1 -2
153 -1 203 -1 365 -1 431 -1 431 -1 -2
153 -1 203 -1 365 -1 431 -1 431 -1 -2
39 -1 365 -1 431 -1 431 -1 628 -1 -2
153 -1 203 -1 431 -1 431 -1 431 -1 431 -1 -2
153 -1 203 -1 365 -1 431 -1 431 -1 -2
2579 -1 2282 -1 2309 -1 2327 -1 2544 -1 -2
153 -1 203 -1 365 -1 431 -1 431 -1 -2
1753 -1 2252 -1 1752 -1 3254 -1 2132 -1 -2
153 -1 203 -1 365 -1 431 -1 431 -1 9978 -1 -2
153 -1 203 -1 365 -1 431 -1 431 -1 -2
39 -1 365 -1 431 -1 431 -1 628 -1 8308 -1 -2
5928 -1 1066 -1 2750 -1 2750 -1 415 -1 415 -1 -2
2250 -1 15532 -1 18609 -1 15524 -1 18608 -1 -2
153 -1 203 -1 365 -1 431 -1 431 -1 14543 -1 -2
39 -1 365 -1 431 -1 431 -1 628 -1 -2
4160 -1 402 -1 402 -1 1502 -1 4134 -1 2750 -1 -2
39 -1 365 -1 431 -1 431 -1 628 -1 2545 -1 -2
39 -1 365 -1 431 -1 431 -1 628 -1 -2
153 -1 203 -1 365 -1 431 -1 431 -1 20279 -1 -2
39 -1 365 -1 431 -1 431 -1 628 -1 -2
153 -1 153 -1 203 -1 203 -1 365 -1 365 -1 431 -1 431 -1 431 -1 431 -1 -2
231 -1 1344 -1 3340 -1 2287 -1 2399 -1 2750 -1 -2
435 -1 435 -1 3576 -1 231 -1 1344 -1 -2
153 -1 203 -1 365 -1 431 -1 431 -1 -2
182 -1 1543 -1 2750 -1 415 -1 415 -1 -2
39 -1 365 -1 431 -1 431 -1 628 -1 -2
39 -1 365 -1 431 -1 431 -1 628 -1 -2
153 -1 203 -1 431 -1 431 -1 431 -1 431 -1 -2
4966 -1 2750 -1 415 -1 415 -1 611 -1 3610 -1 -2
153 -1 203 -1 365 -1 431 -1 431 -1 20279 -1 -2
39 -1 365 -1 431 -1 431 -1 628 -1 -2
39 -1 365 -1 431 -1 431 -1 628 -1 -2
39 -1 365 -1 431 -1 431 -1 628 -1 19061 -1 -2
3650 -1 3651 -1 4301 -1 23722 -1 23724 -1 23736 -1 -2
611 -1 2750 -1 3610 -1 415 -1 415 -1 2750 -1 -2
39 -1 365 -1 431 -1 431 -1 628 -1 -2
153 -1 203 -1 365 -1 431 -1 431 -1 9251 -1 -2
6835 -1 1292 -1 13135 -1 2750 -1 415 -1 415 -1 562 -1 -2
39 -1 365 -1 431 -1 431 -1 628 -1 9331 -1 -2
39 -1 365 -1 431 -1 431 -1 628 -1 16331 -1 -2
153 -1 203 -1 365 -1 431 -1 431 -1 -2
39 -1 365 -1 431 -1 431 -1 628 -1 -2
486 -1 6147 -1 476 -1 469 -1 469 -1 320 -1 -2
39 -1 365 -1 431 -1 431 -1 628 -1 19831 -1 -2
39 -1 365 -1 431 -1 431 -1 628 -1 17860 -1 -2
955 -1 4511 -1 2750 -1 2750 -1 2750 -1 2750 -1 2750 -1 -2
39 -1 365 -1 431 -1 431 -1 628 -1 7833 -1 -2
39 -1 365 -1 431 -1 431 -1 628 -1 -2
153 -1 203 -1 365 -1 431 -1 431 -1 -2
153 -1 203 -1 365 -1 431 -1 431 -1 -2
39 -1 365 -1 431 -1 431 -1 628 -1 -2
39 -1 365 -1 431 -1 431 -1 628 -1 17056 -1 -2
153 -1 203 -1 365 -1 431 -1 431 -1 -2
153 -1 203 -1 365 -1 431 -1 431 -1 22644 -1 -2
153 -1 203 -1 365 -1 431 -1 431 -1 -2
3248 -1 4315 -1 22643 -1 27785 -1 28028 -1 4440 -1 -2
440 -1 440 -1 1054 -1 1079 -1 1205 -1 -2
153 -1 203 -1 365 -1 431 -1 431 -1 -2
2356 -1 3718 -1 23338 -1 23019 -1 23024 -1 23026 -1 -2
231 -1 1344 -1 94 -1 367 -1 112 -1 20 -1 22487 -1 1372 -1 -2
5556 -1 153 -1 203 -1 365 -1 431 -1 431 -1 -2
10575 -1 39 -1 365 -1 431 -1 431 -1 628 -1 -2
39 -1 365 -1 431 -1 431 -1 628 -1 -2
47 -1 120 -1 231 -1 1344 -1 638 -1 -2
39 -1 365 -1 431 -1 431 -1 628 -1 9331 -1 -2
39 -1 365 -1 431 -1 431 -1 628 -1 18578 -1 -2
153 -1 203 -1 365 -1 431 -1 431 -1 -2
39 -1 365 -1 431 -1 431 -1 628 -1 7263 -1 -2
39 -1 365 -1 431 -1 431 -1 628 -1 -2
153 -1 203 -1 365 -1 431 -1 431 -1 -2
153 -1 203 -1 365 -1 431 -1 431 -1 -2
153 -1 203 -1 365 -1 431 -1 431 -1 -2
153 -1 203 -1 365 -1 431 -1 431 -1 -2
153 -1 203 -1 365 -1 431 -1 431 -1 -2
153 -1 203 -1 365 -1 431 -1 431 -1 -2
39 -1 365 -1 431 -1 431 -1 628 -1 -2
39 -1 365 -1 431 -1 431 -1 628 -1 -2
182 -1 61 -1 4760 -1 435 -1 435 -1 3576 -1 -2
39 -1 365 -1 431 -1 431 -1 628 -1 -2
153 -1 203 -1 365 -1 431 -1 431 -1 -2
29 -1 54 -1 91 -1 29 -1 91 -1 146 -1 308 -1 228 -1 -2
39 -1 365 -1 431 -1 431 -1 628 -1 -2
39 -1 365 -1 431 -1 431 -1 8969 -1 -2
153 -1 203 -1 365 -1 431 -1 431 -1 -2
39 -1 365 -1 431 -1 431 -1 628 -1 18544 -1 -2
39 -1 365 -1 431 -1 431 -1 628 -1 -2
39 -1 365 -1 431 -1 431 -1 628 -1 -2
153 -1 203 -1 365 -1 431 -1 431 -1 -2
153 -1 203 -1 365 -1 431 -1 431 -1 -2
153 -1 203 -1 365 -1 431 -1 431 -1 -2
2217 -1 17971 -1 430 -1 430 -1 3260 -1 -2
153 -1 203 -1 365 -1 431 -1 431 -1 -2
153 -1 203 -1 365 -1 431 -1 431 -1 -2
39 -1 365 -1 431 -1 431 -1 628 -1 -2
153 -1 203 -1 365 -1 431 -1 431 -1 -2
153 -1 203 -1 365 -1 431 -1 431 -1 -2
39 -1 365 -1 431 -1 431 -1 628 -1 9418 -1 -2
2687 -1 2301 -1 1843 -1 3087 -1 20142 -1 -2
153 -1 203 -1 365 -1 431 -1 431 -1 -2
39 -1 365 -1 431 -1 431 -1 628 -1 9552 -1 -2
39 -1 365 -1 431 -1 431 -1 628 -1 2545 -1 -2
39 -1 431 -1 431 -1 628 -1 6874 -1 -2
39 -1 365 -1 431 -1 431 -1 628 -1 -2
2750 -1 2750 -1 2750 -1 2750 -1 2750 -1 2750 -1 -2
153 -1 203 -1 365 -1 431 -1 431 -1 -2
3935 -1 3332 -1 3869 -1 17230 -1 25986 -1 26005 -1 27877 -1 -2
14228 -1 2749 -1 18941 -1 2976 -1 10664 -1 10665 -1 19289 -1 -2
39 -1 365 -1 431 -1 431 -1 628 -1 -2
39 -1 365 -1 431 -1 431 -1 628 -1 -2
39 -1 365 -1 431 -1 431 -1 628 -1 -2
153 -1 203 -1 365 -1 431 -1 431 -1 -2
2128 -1 2775 -1 2777 -1 3159 -1 892 -1 2377 -1 4133 -1 4356 -1 4124 -1 -2
18784 -1 2434 -1 26497 -1 22024 -1 2161 -1 25237 -1 3578 -1 3129 -1 -2
39 -1 365 -1 431 -1 431 -1 628 -1 17056 -1 -2
39 -1 365 -1 431 -1 431 -1 628 -1 20617 -1 -2
1108 -1 2456 -1 441 -1 441 -1 10301 -1 564 -1 20424 -1 797 -1 303 -1 1609 -1 222 -1 188 -1 -2
6455 -1 365 -1 431 -1 431 -1 20614 -1 -2
2250 -1 15469 -1 15507 -1 15514 -1 15532 -1 18610 -1 -2
153 -1 203 -1 365 -1 431 -1 431 -1 -2
39 -1 365 -1 431 -1 431 -1 628 -1 9418 -1 -2
153 -1 203 -1 365 -1 431 -1 431 -1 -2
153 -1 203 -1 365 -1 431 -1 431 -1 9978 -1 -2
39 -1 365 -1 431 -1 431 -1 628 -1 -2
153 -1 203 -1 365 -1 431 -1 431 -1 -2
3527 -1 25152 -1 25155 -1 25159 -1 25160 -1 -2
1051 -1 19417 -1 2882 -1 3055 -1 3476 -1 3577 -1 -2
153 -1 203 -1 365 -1 431 -1 431 -1 19879 -1 -2
153 -1 203 -1 365 -1 431 -1 431 -1 -2
153 -1 203 -1 431 -1 431 -1 443 -1 443 -1 -2
542 -1 2750 -1 2750 -1 415 -1 415 -1 -2
1182 -1 382 -1 382 -1 2750 -1 4134 -1 -2
3815 -1 14978 -1 2408 -1 20375 -1 26763 -1 25411 -1 -2
535 -1 152 -1 535 -1 24 -1 210 -1 -2
153 -1 203 -1 365 -1 431 -1 431 -1 12794 -1 -2
153 -1 203 -1 365 -1 431 -1 431 -1 -2
153 -1 203 -1 365 -1 431 -1 431 -1 -2
39 -1 365 -1 431 -1 431 -1 628 -1 -2
1566 -1 25931 -1 415 -1 415 -1 611 -1 3610 -1 -2
153 -1 203 -1 365 -1 431 -1 431 -1 -2
39 -1 431 -1 431 -1 431 -1 431 -1 628 -1 -2
39 -1 365 -1 431 -1 431 -1 628 -1 -2
153 -1 203 -1 365 -1 431 -1 431 -1 -2
39 -1 365 -1 431 -1 431 -1 628 -1 8269 -1 -2
39 -1 365 -1 431 -1 431 -1 628 -1 18578 -1 -2
39 -1 365 -1 431 -1 431 -1 628 -1 14126 -1 -2
610 -1 231 -1 1344 -1 244 -1 3101 -1 398 -1 398 -1 797 -1 -2
1931 -1 20284 -1 966 -1 1674 -1 4465 -1 -2
153 -1 203 -1 365 -1 431 -1 431 -1 -2
39 -1 365 -1 431 -1 431 -1 628 -1 -2
39 -1 365 -1 431 -1 431 -1 628 -1 -2
39 -1 365 -1 431 -1 431 -1 628 -1 -2
39 -1 365 -1 431 -1 431 -1 628 -1 -2
39 -1 365 -1 431 -1 431 -1 628 -1 22494 -1 -2
39 -1 365 -1 431 -1 431 -1 628 -1 28089 -1 -2
39 -1 365 -1 431 -1 431 -1 628 -1 7038 -1 -2
153 -1 203 -1 365 -1 431 -1 431 -1 -2
39 -1 365 -1 431 -1 431 -1 628 -1 8632 -1 -2
551 -1 3798 -1 3 -1 638 -1 2750 -1 -2
1934 -1 18181 -1 25299 -1 25318 -1 25658 -1 -2
153 -1 203 -1 365 -1 431 -1 431 -1 365 -1 -2
153 -1 203 -1 365 -1 431 -1 431 -1 -2
2798 -1 21825 -1 4045 -1 4293 -1 4464 -1 -2
39 -1 365 -1 431 -1 431 -1 628 -1 -2
3594 -1 26755 -1 1560 -1 2722 -1 4277 -1 -2
39 -1 431 -1 431 -1 628 -1 7100 -1 -2
39 -1 365 -1 431 -1 431 -1 628 -1 22885 -1 -2
39 -1 365 -1 431 -1 431 -1 628 -1 -2
39 -1 365 -1 431 -1 431 -1 628 -1 18674 -1 -2
39 -1 365 -1 431 -1 431 -1 628 -1 7197 -1 -2
153 -1 203 -1 365 -1 431 -1 431 -1 -2
9191 -1 26 -1 11420 -1 3030 -1 410 -1 11151 -1 -2
4798 -1 551 -1 3798 -1 2750 -1 611 -1 3610 -1 2750 -1 873 -1 -2
1920 -1 39 -1 365 -1 431 -1 431 -1 628 -1 1884 -1 -2
153 -1 203 -1 365 -1 431 -1 431 -1 13390 -1 3120 -1 -2
470 -1 470 -1 2750 -1 2750 -1 415 -1 415 -1 -2
153 -1 203 -1 365 -1 431 -1 431 -1 -2
39 -1 365 -1 431 -1 431 -1 628 -1 17056 -1 -2
153 -1 203 -1 365 -1 431 -1 431 -1 -2
153 -1 203 -1 365 -1 431 -1 431 -1 11618 -1 -2
253 -1 255 -1 4727 -1 2750 -1 2750 -1 -2
1089 -1 2301 -1 4225 -1 4418 -1 4112 -1 -2
39 -1 365 -1 431 -1 431 -1 628 -1 13332 -1 -2
149 -1 435 -1 435 -1 1382 -1 3576 -1 -2
153 -1 203 -1 365 -1 431 -1 431 -1 -2
153 -1 203 -1 365 -1 431 -1 431 -1 -2
1003 -1 2750 -1 2750 -1 2750 -1 254 -1 2750 -1 252 -1 2750 -1 2750 -1 7344 -1 18360 -1 1795 -1 2768 -1 2750 -1 8835 -1 21840 -1 22276 -1 3041 -1 2750 -1 19093 -1 892 -1 -2
39 -1 365 -1 431 -1 431 -1 628 -1 -2
153 -1 203 -1 365 -1 431 -1 431 -1 19881 -1 -2
153 -1 203 -1 365 -1 431 -1 431 -1 -2
39 -1 365 -1 431 -1 431 -1 628 -1 -2
180 -1 180 -1 2863 -1 4395 -1 18803 -1 -2
978 -1 382 -1 382 -1 881 -1 3711 -1 -2
153 -1 203 -1 365 -1 431 -1 431 -1 -2
4044 -1 4044 -1 4044 -1 4044 -1 4044 -1 4044 -1 4044 -1 4044 -1 4044 -1 4044 -1 -2
236 -1 3697 -1 3752 -1 2089 -1 3542 -1 -2
153 -1 203 -1 365 -1 431 -1 431 -1 -2
159 -1 493 -1 688 -1 551 -1 3798 -1 2750 -1 -2
39 -1 431 -1 431 -1 431 -1 431 -1 628 -1 -2
2288 -1 2735 -1 18817 -1 22056 -1 3276 -1 23810 -1 23811 -1 23814 -1 24464 -1 27105 -1 27104 -1 27102 -1 27103 -1 27108 -1 -2
153 -1 203 -1 365 -1 431 -1 431 -1 -2
3200 -1 365 -1 431 -1 431 -1 19493 -1 -2
6439 -1 6437 -1 1543 -1 2125 -1 2278 -1 3360 -1 2750 -1 415 -1 415 -1 -2
4134 -1 611 -1 3610 -1 415 -1 415 -1 -2
985 -1 986 -1 987 -1 988 -1 1115 -1 -2
39 -1 365 -1 431 -1 431 -1 628 -1 9331 -1 -2
39 -1 365 -1 431 -1 431 -1 628 -1 -2
24 -1 210 -1 1076 -1 2470 -1 2750 -1 1423 -1 -2
39 -1 365 -1 431 -1 431 -1 628 -1 13336 -1 -2
2835 -1 3066 -1 12870 -1 28160 -1 3762 -1 -2
153 -1 203 -1 365 -1 431 -1 431 -1 -2
39 -1 365 -1 431 -1 431 -1 628 -1 9552 -1 -2
39 -1 365 -1 431 -1 431 -1 628 -1 -2
39 -1 365 -1 431 -1 431 -1 628 -1 -2
39 -1 365 -1 431 -1 431 -1 628 -1 -2
39 -1 365 -1 431 -1 431 -1 628 -1 8416 -1 15884 -1 -2
3716 -1 14 -1 808 -1 421 -1 421 -1 -2
43 -1 196 -1 198 -1 237 -1 1390 -1 -2
39 -1 365 -1 431 -1 431 -1 628 -1 18544 -1 -2
299 -1 415 -1 415 -1 2750 -1 2750 -1 2750 -1 -2
79 -1 373 -1 435 -1 435 -1 3576 -1 -2
39 -1 365 -1 431 -1 431 -1 628 -1 -2
39 -1 365 -1 431 -1 431 -1 628 -1 -2
153 -1 203 -1 365 -1 431 -1 431 -1 -2
153 -1 203 -1 365 -1 431 -1 431 -1 -2
65 -1 1062 -1 3098 -1 23724 -1 3647 -1 3649 -1 3651 -1 23737 -1 23739 -1 -2
153 -1 203 -1 365 -1 431 -1 431 -1 -2
39 -1 365 -1 431 -1 431 -1 628 -1 -2
39 -1 365 -1 431 -1 431 -1 628 -1 -2
1036 -1 2014 -1 16346 -1 899 -1 1004 -1 -2
27102 -1 27103 -1 27104 -1 27105 -1 27108 -1 -2
153 -1 203 -1 365 -1 431 -1 431 -1 -2
153 -1 153 -1 203 -1 203 -1 365 -1 365 -1 431 -1 431 -1 431 -1 431 -1 -2
39 -1 365 -1 431 -1 431 -1 628 -1 -2
153 -1 203 -1 365 -1 431 -1 431 -1 -2
39 -1 365 -1 431 -1 431 -1 628 -1 7578 -1 -2
39 -1 365 -1 431 -1 431 -1 628 -1 -2
153 -1 203 -1 365 -1 431 -1 431 -1 -2
153 -1 203 -1 365 -1 431 -1 431 -1 9251 -1 -2
1266 -1 9047 -1 9064 -1 9065 -1 9242 -1 10817 -1 -2
659 -1 2750 -1 2750 -1 611 -1 3610 -1 -2
39 -1 365 -1 431 -1 431 -1 628 -1 9418 -1 -2
231 -1 1344 -1 2803 -1 474 -1 856 -1 -2
39 -1 365 -1 431 -1 431 -1 628 -1 19061 -1 -2
39 -1 365 -1 431 -1 431 -1 628 -1 -2
5916 -1 15607 -1 2866 -1 4099 -1 1281 -1 -2
39 -1 365 -1 431 -1 431 -1 628 -1 18674 -1 -2
153 -1 203 -1 365 -1 431 -1 431 -1 -2
153 -1 203 -1 365 -1 431 -1 431 -1 -2
365 -1 431 -1 431 -1 20247 -1 3693 -1 2631 -1 -2
562 -1 562 -1 562 -1 554 -1 13737 -1 -2
39 -1 365 -1 431 -1 431 -1 628 -1 24560 -1 -2
3401 -1 3307 -1 22694 -1 1915 -1 2508 -1 -2
558 -1 382 -1 382 -1 11690 -1 415 -1 415 -1 -2
2470 -1 611 -1 2750 -1 3610 -1 415 -1 415 -1 -2
39 -1 365 -1 431 -1 431 -1 628 -1 -2
39 -1 365 -1 431 -1 431 -1 628 -1 -2
153 -1 203 -1 365 -1 431 -1 431 -1 -2
39 -1 365 -1 431 -1 431 -1 628 -1 11762 -1 -2
39 -1 365 -1 431 -1 431 -1 628 -1 -2
39 -1 365 -1 431 -1 431 -1 628 -1 1884 -1 -2
39 -1 365 -1 431 -1 431 -1 628 -1 1884 -1 -2
39 -1 365 -1 431 -1 431 -1 628 -1 2545 -1 -2
39 -1 365 -1 431 -1 431 -1 628 -1 -2
39 -1 365 -1 431 -1 431 -1 628 -1 -2
153 -1 203 -1 431 -1 431 -1 6966 -1 -2
3121 -1 3320 -1 23865 -1 3747 -1 4023 -1 26665 -1 4399 -1 881 -1 -2
182 -1 3340 -1 1494 -1 611 -1 3610 -1 -2
95 -1 1090 -1 1159 -1 1378 -1 3760 -1 25266 -1 -2
39 -1 365 -1 431 -1 431 -1 628 -1 1884 -1 -2
39 -1 365 -1 431 -1 431 -1 628 -1 9418 -1 -2
33 -1 435 -1 435 -1 3576 -1 498 -1 -2
409 -1 409 -1 94 -1 10589 -1 402 -1 -2
39 -1 365 -1 431 -1 431 -1 628 -1 -2
75 -1 74 -1 462 -1 462 -1 3352 -1 -2
39 -1 365 -1 431 -1 431 -1 628 -1 -2
153 -1 203 -1 365 -1 431 -1 431 -1 -2
39 -1 365 -1 431 -1 431 -1 628 -1 -2
39 -1 365 -1 431 -1 431 -1 628 -1 -2
39 -1 365 -1 431 -1 431 -1 628 -1 -2
153 -1 203 -1 365 -1 431 -1 431 -1 -2
1635 -1 370 -1 1371 -1 3 -1 638 -1 -2
153 -1 203 -1 365 -1 431 -1 431 -1 -2
2750 -1 3682 -1 26535 -1 4047 -1 4099 -1 4195 -1 -2
153 -1 203 -1 365 -1 431 -1 431 -1 -2
4060 -1 39 -1 365 -1 431 -1 431 -1 628 -1 17860 -1 -2
562 -1 562 -1 4680 -1 6270 -1 837 -1 12542 -1 26 -1 1986 -1 19816 -1 23023 -1 998 -1 551 -1 3798 -1 542 -1 2750 -1 2750 -1 721 -1 2750 -1 -2
39 -1 365 -1 431 -1 431 -1 628 -1 2545 -1 -2
153 -1 203 -1 365 -1 431 -1 431 -1 -2
153 -1 203 -1 365 -1 431 -1 431 -1 8569 -1 -2
949 -1 95 -1 947 -1 1090 -1 398 -1 398 -1 -2
153 -1 203 -1 365 -1 431 -1 431 -1 -2
153 -1 203 -1 365 -1 431 -1 431 -1 -2
39 -1 365 -1 431 -1 431 -1 628 -1 -2
153 -1 203 -1 365 -1 431 -1 431 -1 -2
1085 -1 39 -1 365 -1 431 -1 431 -1 628 -1 2545 -1 -2
153 -1 203 -1 365 -1 431 -1 431 -1 -2
153 -1 203 -1 365 -1 431 -1 431 -1 153 -1 203 -1 365 -1 431 -1 431 -1 564 -1 -2
153 -1 203 -1 365 -1 431 -1 431 -1 7306 -1 -2
39 -1 365 -1 431 -1 431 -1 628 -1 7038 -1 -2
435 -1 435 -1 3576 -1 231 -1 1344 -1 -2
2949 -1 2949 -1 16108 -1 1594 -1 17747 -1 22475 -1 4432 -1 -2
39 -1 365 -1 431 -1 431 -1 628 -1 -2
153 -1 203 -1 365 -1 431 -1 431 -1 9069 -1 -2
153 -1 203 -1 365 -1 431 -1 431 -1 -2
39 -1 365 -1 431 -1 431 -1 628 -1 -2
1923 -1 15800 -1 11277 -1 22393 -1 1330 -1 3723 -1 3724 -1 21623 -1 26663 -1 -2
39 -1 365 -1 431 -1 431 -1 628 -1 -2
39 -1 365 -1 431 -1 431 -1 628 -1 -2
153 -1 203 -1 365 -1 431 -1 431 -1 -2
1444 -1 1445 -1 95 -1 1090 -1 2166 -1 4018 -1 2750 -1 -2
39 -1 365 -1 431 -1 431 -1 628 -1 -2
153 -1 203 -1 365 -1 431 -1 431 -1 -2
39 -1 365 -1 431 -1 431 -1 628 -1 2545 -1 -2
3 -1 13008 -1 2560 -1 20609 -1 20240 -1 2466 -1 -2
39 -1 365 -1 431 -1 431 -1 628 -1 8416 -1 -2
365 -1 431 -1 431 -1 628 -1 8269 -1 -2
153 -1 203 -1 365 -1 431 -1 431 -1 19881 -1 -2
486 -1 1186 -1 382 -1 382 -1 3711 -1 4134 -1 4134 -1 2750 -1 -2
153 -1 203 -1 365 -1 431 -1 431 -1 -2
153 -1 203 -1 365 -1 431 -1 431 -1 -2
19413 -1 1785 -1 3055 -1 3098 -1 4089 -1 -2
551 -1 3798 -1 2750 -1 415 -1 415 -1 -2
153 -1 203 -1 365 -1 431 -1 431 -1 -2
153 -1 203 -1 365 -1 431 -1 431 -1 12199 -1 -2
39 -1 365 -1 431 -1 431 -1 628 -1 -2
39 -1 365 -1 431 -1 431 -1 628 -1 23667 -1 -2
39 -1 365 -1 431 -1 431 -1 628 -1 22885 -1 -2
39 -1 365 -1 431 -1 431 -1 628 -1 -2
3243 -1 3135 -1 22708 -1 25235 -1 3953 -1 23025 -1 23014 -1 3469 -1 22933 -1 3532 -1 23016 -1 23456 -1 -2
39 -1 365 -1 431 -1 431 -1 628 -1 -2
153 -1 203 -1 365 -1 431 -1 431 -1 -2
721 -1 2750 -1 2750 -1 611 -1 3610 -1 -2
822 -1 1079 -1 3823 -1 3049 -1 947 -1 12597 -1 -2
153 -1 203 -1 365 -1 431 -1 431 -1 9978 -1 -2
153 -1 203 -1 365 -1 431 -1 431 -1 -2
2456 -1 3694 -1 1489 -1 3991 -1 4048 -1 4047 -1 -2
153 -1 203 -1 431 -1 431 -1 431 -1 431 -1 -2
153 -1 203 -1 365 -1 431 -1 431 -1 -2
153 -1 203 -1 365 -1 431 -1 431 -1 9251 -1 -2
2301 -1 3547 -1 3159 -1 3682 -1 3920 -1 2301 -1 -2
153 -1 203 -1 365 -1 431 -1 431 -1 -2
39 -1 365 -1 431 -1 431 -1 628 -1 -2
39 -1 365 -1 431 -1 431 -1 628 -1 7199 -1 -2
17113 -1 17115 -1 7896 -1 14046 -1 17659 -1 3890 -1 -2
39 -1 365 -1 431 -1 431 -1 628 -1 -2
9110 -1 95 -1 1090 -1 3528 -1 1930 -1 -2
550 -1 1698 -1 1740 -1 2823 -1 880 -1 -2
153 -1 203 -1 365 -1 431 -1 431 -1 -2
153 -1 203 -1 365 -1 431 -1 431 -1 -2
39 -1 365 -1 431 -1 431 -1 628 -1 -2
153 -1 203 -1 365 -1 431 -1 431 -1 -2
26813 -1 26664 -1 4344 -1 3581 -1 21900 -1 -2
39 -1 365 -1 431 -1 431 -1 628 -1 7197 -1 -2
14857 -1 14294 -1 174 -1 1837 -1 25988 -1 -2
14934 -1 1939 -1 2139 -1 14480 -1 23988 -1 -2
39 -1 365 -1 431 -1 431 -1 628 -1 1884 -1 -2
17766 -1 25802 -1 887 -1 2299 -1 3393 -1 -2
1682 -1 2307 -1 2390 -1 2657 -1 2316 -1 -2
39 -1 365 -1 431 -1 431 -1 628 -1 -2
153 -1 203 -1 365 -1 431 -1 431 -1 8852 -1 -2
2881 -1 1602 -1 3157 -1 3740 -1 23579 -1 3709 -1 -2
39 -1 365 -1 431 -1 431 -1 628 -1 1884 -1 -2
39 -1 365 -1 431 -1 431 -1 628 -1 7100 -1 -2
153 -1 203 -1 365 -1 431 -1 431 -1 -2
39 -1 365 -1 431 -1 431 -1 628 -1 -2
39 -1 365 -1 431 -1 431 -1 628 -1 11315 -1 -2
153 -1 203 -1 365 -1 431 -1 431 -1 8569 -1 -2
39 -1 365 -1 431 -1 431 -1 628 -1 -2
39 -1 365 -1 431 -1 431 -1 628 -1 15284 -1 -2
39 -1 365 -1 431 -1 431 -1 628 -1 -2
153 -1 203 -1 431 -1 431 -1 431 -1 431 -1 -2
153 -1 203 -1 365 -1 431 -1 431 -1 -2
39 -1 365 -1 431 -1 431 -1 628 -1 -2
39 -1 365 -1 431 -1 431 -1 628 -1 11710 -1 -2
6128 -1 6276 -1 9445 -1 1529 -1 4219 -1 -2
39 -1 365 -1 431 -1 431 -1 628 -1 1884 -1 -2
299 -1 610 -1 1197 -1 3360 -1 2750 -1 1066 -1 -2
39 -1 365 -1 431 -1 431 -1 628 -1 3484 -1 -2
1934 -1 20852 -1 20944 -1 25299 -1 25318 -1 25658 -1 -2
904 -1 153 -1 203 -1 365 -1 431 -1 431 -1 12794 -1 -2
39 -1 365 -1 431 -1 431 -1 628 -1 7199 -1 -2
39 -1 365 -1 431 -1 431 -1 628 -1 15323 -1 -2
112 -1 112 -1 91 -1 36 -1 4034 -1 4018 -1 125 -1 421 -1 421 -1 -2
153 -1 203 -1 365 -1 431 -1 431 -1 -2
39 -1 365 -1 431 -1 431 -1 628 -1 23561 -1 -2
299 -1 3368 -1 2750 -1 415 -1 415 -1 -2
39 -1 365 -1 431 -1 431 -1 628 -1 -2
39 -1 365 -1 431 -1 431 -1 628 -1 18395 -1 -2
39 -1 365 -1 431 -1 431 -1 628 -1 22494 -1 -2
857 -1 413 -1 413 -1 231 -1 1344 -1 -2
153 -1 203 -1 365 -1 431 -1 431 -1 16054 -1 -2
39 -1 365 -1 431 -1 431 -1 628 -1 9331 -1 -2
153 -1 203 -1 431 -1 431 -1 431 -1 431 -1 3752 -1 -2
153 -1 203 -1 365 -1 431 -1 431 -1 -2
153 -1 203 -1 365 -1 431 -1 431 -1 -2
42 -1 1566 -1 1091 -1 435 -1 435 -1 3576 -1 2750 -1 4134 -1 -2
153 -1 203 -1 365 -1 431 -1 431 -1 9069 -1 -2
153 -1 203 -1 365 -1 431 -1 431 -1 -2
39 -1 365 -1 431 -1 431 -1 628 -1 11710 -1 -2
153 -1 203 -1 365 -1 431 -1 431 -1 -2
39 -1 365 -1 431 -1 431 -1 628 -1 23561 -1 -2
39 -1 365 -1 431 -1 431 -1 628 -1 -2
39 -1 365 -1 431 -1 431 -1 628 -1 7578 -1 -2
153 -1 203 -1 365 -1 431 -1 431 -1 -2
231 -1 1344 -1 1566 -1 136 -1 568 -1 4134 -1 2750 -1 2750 -1 415 -1 415 -1 -2
153 -1 203 -1 365 -1 431 -1 431 -1 -2
153 -1 203 -1 365 -1 431 -1 431 -1 16054 -1 -2
153 -1 203 -1 365 -1 431 -1 431 -1 -2
39 -1 365 -1 431 -1 431 -1 628 -1 -2
39 -1 365 -1 431 -1 431 -1 628 -1 -2
39 -1 365 -1 431 -1 431 -1 628 -1 6998 -1 3129 -1 -2
153 -1 203 -1 365 -1 431 -1 431 -1 9012 -1 -2
39 -1 365 -1 431 -1 431 -1 628 -1 18578 -1 -2
153 -1 203 -1 365 -1 431 -1 431 -1 -2
153 -1 203 -1 365 -1 431 -1 431 -1 -2
153 -1 203 -1 365 -1 431 -1 431 -1 -2
39 -1 365 -1 431 -1 431 -1 628 -1 8269 -1 -2
1128 -1 3061 -1 1110 -1 948 -1 27603 -1 -2
153 -1 203 -1 365 -1 431 -1 431 -1 -2
231 -1 1344 -1 2750 -1 2750 -1 415 -1 415 -1 -2
231 -1 1344 -1 299 -1 7575 -1 747 -1 2301 -1 1197 -1 3301 -1 19145 -1 1529 -1 3711 -1 -2
39 -1 365 -1 431 -1 431 -1 628 -1 13051 -1 -2
153 -1 203 -1 365 -1 431 -1 431 -1 -2
39 -1 365 -1 431 -1 431 -1 628 -1 22494 -1 -2
3306 -1 3813 -1 27111 -1 4199 -1 4348 -1 22689 -1 -2
153 -1 203 -1 365 -1 431 -1 431 -1 -2
274 -1 381 -1 381 -1 381 -1 381 -1 -2
39 -1 365 -1 431 -1 431 -1 628 -1 -2
39 -1 365 -1 431 -1 431 -1 628 -1 17056 -1 -2
3991 -1 23412 -1 3655 -1 2777 -1 22571 -1 -2
153 -1 203 -1 365 -1 431 -1 431 -1 -2
1692 -1 12695 -1 2282 -1 2367 -1 4314 -1 -2
153 -1 203 -1 365 -1 431 -1 431 -1 20279 -1 -2
1646 -1 13969 -1 13971 -1 13972 -1 13973 -1 13978 -1 17360 -1 -2
676 -1 1518 -1 2774 -1 2776 -1 3787 -1 3932 -1 -2
153 -1 203 -1 365 -1 431 -1 431 -1 -2
39 -1 365 -1 431 -1 431 -1 94 -1 367 -1 -2
39 -1 365 -1 431 -1 431 -1 628 -1 -2
153 -1 203 -1 365 -1 431 -1 431 -1 -2
39 -1 365 -1 431 -1 431 -1 628 -1 -2
39 -1 365 -1 431 -1 431 -1 628 -1 18395 -1 -2
39 -1 365 -1 431 -1 431 -1 628 -1 13332 -1 -2
153 -1 203 -1 365 -1 431 -1 431 -1 -2
39 -1 365 -1 431 -1 431 -1 628 -1 -2
153 -1 203 -1 365 -1 431 -1 431 -1 2669 -1 -2
39 -1 365 -1 431 -1 431 -1 628 -1 -2
39 -1 365 -1 431 -1 431 -1 628 -1 7197 -1 -2
39 -1 365 -1 431 -1 431 -1 628 -1 7199 -1 -2
9301 -1 90 -1 20010 -1 27177 -1 2381 -1 21628 -1 21245 -1 1017 -1 4074 -1 -2
153 -1 203 -1 365 -1 431 -1 431 -1 -2
153 -1 203 -1 365 -1 431 -1 431 -1 15327 -1 -2
2750 -1 2750 -1 4762 -1 252 -1 2750 -1 -2
231 -1 1344 -1 693 -1 562 -1 1445 -1 1633 -1 2750 -1 721 -1 -2
5177 -1 1444 -1 2035 -1 2380 -1 2691 -1 3360 -1 21239 -1 4134 -1 721 -1 2750 -1 4134 -1 -2
39 -1 365 -1 431 -1 431 -1 628 -1 17482 -1 -2
153 -1 203 -1 365 -1 431 -1 431 -1 9069 -1 -2
39 -1 365 -1 431 -1 431 -1 628 -1 7199 -1 -2
4074 -1 4303 -1 3407 -1 3469 -1 3935 -1 -2
39 -1 365 -1 431 -1 431 -1 628 -1 -2
39 -1 365 -1 431 -1 431 -1 628 -1 23667 -1 -2
153 -1 203 -1 365 -1 431 -1 431 -1 -2
39 -1 365 -1 431 -1 431 -1 628 -1 -2
39 -1 365 -1 431 -1 431 -1 628 -1 -2
2750 -1 2750 -1 2750 -1 2750 -1 2750 -1 2750 -1 -2
435 -1 435 -1 638 -1 3576 -1 638 -1 -2
2752 -1 15712 -1 3817 -1 6601 -1 746 -1 -2
382 -1 382 -1 2780 -1 1609 -1 22106 -1 -2
39 -1 365 -1 431 -1 431 -1 628 -1 13332 -1 -2
153 -1 203 -1 365 -1 431 -1 431 -1 -2
153 -1 203 -1 365 -1 431 -1 431 -1 -2
920 -1 18768 -1 4237 -1 3484 -1 4304 -1 -2
39 -1 365 -1 431 -1 431 -1 628 -1 2545 -1 -2
153 -1 203 -1 365 -1 431 -1 431 -1 -2
39 -1 365 -1 431 -1 431 -1 628 -1 -2
153 -1 203 -1 365 -1 431 -1 431 -1 -2
153 -1 203 -1 365 -1 431 -1 431 -1 9978 -1 -2
39 -1 365 -1 431 -1 431 -1 628 -1 1884 -1 -2
153 -1 203 -1 365 -1 431 -1 431 -1 -2
39 -1 365 -1 431 -1 431 -1 628 -1 -2
153 -1 203 -1 365 -1 431 -1 431 -1 -2
153 -1 203 -1 365 -1 431 -1 431 -1 -2
39 -1 365 -1 431 -1 431 -1 628 -1 -2
1949 -1 2420 -1 1022 -1 2625 -1 20372 -1 -2
1299 -1 2377 -1 3990 -1 398 -1 398 -1 -2
503 -1 14 -1 435 -1 435 -1 1281 -1 3576 -1 -2
153 -1 203 -1 365 -1 431 -1 431 -1 8566 -1 -2
39 -1 365 -1 431 -1 431 -1 628 -1 15284 -1 -2
153 -1 203 -1 365 -1 431 -1 431 -1 -2
493 -1 20007 -1 3055 -1 3151 -1 415 -1 415 -1 -2
39 -1 365 -1 431 -1 431 -1 628 -1 -2
2558 -1 2405 -1 20240 -1 26621 -1 26644 -1 26683 -1 -2
39 -1 431 -1 431 -1 431 -1 431 -1 628 -1 -2
470 -1 470 -1 1677 -1 966 -1 1237 -1 2559 -1 -2
39 -1 365 -1 431 -1 431 -1 628 -1 14126 -1 -2
1129 -1 95 -1 1090 -1 1802 -1 1880 -1 1330 -1 -2
1255 -1 881 -1 415 -1 415 -1 4134 -1 -2
2788 -1 39 -1 365 -1 431 -1 431 -1 628 -1 8416 -1 3104 -1 -2
153 -1 203 -1 365 -1 431 -1 431 -1 15327 -1 -2
39 -1 365 -1 431 -1 431 -1 628 -1 1884 -1 -2
153 -1 203 -1 365 -1 431 -1 431 -1 -2
39 -1 365 -1 431 -1 431 -1 628 -1 -2
39 -1 365 -1 431 -1 431 -1 628 -1 12381 -1 -2
153 -1 203 -1 4842 -1 4866 -1 325 -1 153 -1 203 -1 493 -1 95 -1 1090 -1 2687 -1 -2
153 -1 203 -1 365 -1 431 -1 431 -1 -2
39 -1 365 -1 431 -1 431 -1 628 -1 -2
153 -1 203 -1 365 -1 431 -1 431 -1 -2
39 -1 365 -1 431 -1 431 -1 628 -1 -2
153 -1 203 -1 365 -1 431 -1 431 -1 -2
39 -1 365 -1 431 -1 431 -1 628 -1 -2
39 -1 365 -1 431 -1 431 -1 628 -1 -2
39 -1 365 -1 431 -1 431 -1 628 -1 -2
39 -1 628 -1 934 -1 7450 -1 2384 -1 -2
153 -1 203 -1 365 -1 431 -1 431 -1 1066 -1 -2
2295 -1 2252 -1 3135 -1 3935 -1 23010 -1 1571 -1 13044 -1 25082 -1 -2
39 -1 365 -1 431 -1 431 -1 628 -1 23561 -1 -2
1210 -1 18323 -1 618 -1 4225 -1 542 -1 2750 -1 415 -1 415 -1 4134 -1 -2
39 -1 365 -1 431 -1 431 -1 628 -1 7502 -1 -2
153 -1 203 -1 365 -1 431 -1 431 -1 -2
39 -1 365 -1 431 -1 431 -1 628 -1 -2
39 -1 153 -1 203 -1 365 -1 365 -1 431 -1 431 -1 431 -1 431 -1 628 -1 -2
39 -1 365 -1 431 -1 431 -1 628 -1 2545 -1 -2
39 -1 365 -1 431 -1 431 -1 628 -1 -2
39 -1 365 -1 431 -1 431 -1 628 -1 19061 -1 -2
2200 -1 2788 -1 2330 -1 2330 -1 3159 -1 -2
39 -1 365 -1 431 -1 431 -1 628 -1 -2
39 -1 365 -1 431 -1 431 -1 628 -1 7833 -1 -2
231 -1 1344 -1 473 -1 473 -1 852 -1 -2
39 -1 365 -1 431 -1 431 -1 447 -1 447 -1 8969 -1 -2
153 -1 203 -1 365 -1 431 -1 431 -1 -2
39 -1 365 -1 431 -1 431 -1 628 -1 -2
153 -1 203 -1 365 -1 431 -1 431 -1 -2
39 -1 365 -1 431 -1 431 -1 628 -1 1884 -1 -2
153 -1 203 -1 365 -1 431 -1 431 -1 9012 -1 -2
153 -1 203 -1 365 -1 431 -1 431 -1 -2
153 -1 203 -1 365 -1 431 -1 431 -1 -2
2509 -1 14289 -1 509 -1 594 -1 1845 -1 -2
2823 -1 2883 -1 2885 -1 2278 -1 2408 -1 3743 -1 -2
153 -1 203 -1 365 -1 431 -1 431 -1 9978 -1 -2
3067 -1 3125 -1 16139 -1 2755 -1 23452 -1 23450 -1 23453 -1 23451 -1 23454 -1 23655 -1 -2
153 -1 203 -1 365 -1 431 -1 431 -1 8916 -1 -2
199 -1 1543 -1 1566 -1 2035 -1 2234 -1 4134 -1 2750 -1 2750 -1 415 -1 415 -1 2750 -1 -2
39 -1 365 -1 431 -1 431 -1 628 -1 7360 -1 -2
153 -1 203 -1 365 -1 431 -1 431 -1 -2
39 -1 365 -1 431 -1 431 -1 628 -1 -2
39 -1 365 -1 431 -1 431 -1 628 -1 21463 -1 -2
153 -1 203 -1 365 -1 431 -1 431 -1 12794 -1 -2
39 -1 365 -1 431 -1 431 -1 628 -1 21463 -1 -2
153 -1 203 -1 365 -1 431 -1 431 -1 -2
153 -1 203 -1 365 -1 431 -1 431 -1 12794 -1 -2
153 -1 203 -1 365 -1 431 -1 431 -1 -2
65 -1 2808 -1 1274 -1 3240 -1 3243 -1 3546 -1 18836 -1 3332 -1 3527 -1 22610 -1 -2
3014 -1 2479 -1 26762 -1 27039 -1 26664 -1 -2
39 -1 365 -1 431 -1 431 -1 628 -1 -2
153 -1 203 -1 365 -1 431 -1 431 -1 -2
2557 -1 3569 -1 3239 -1 3594 -1 18369 -1 3308 -1 17937 -1 -2
153 -1 203 -1 431 -1 431 -1 431 -1 431 -1 -2
153 -1 203 -1 365 -1 431 -1 431 -1 -2
39 -1 365 -1 431 -1 431 -1 628 -1 -2
365 -1 431 -1 431 -1 19946 -1 17427 -1 -2
153 -1 203 -1 365 -1 431 -1 431 -1 -2
17096 -1 39 -1 365 -1 431 -1 431 -1 628 -1 21569 -1 -2
616 -1 2938 -1 11120 -1 415 -1 415 -1 2750 -1 -2
39 -1 365 -1 431 -1 431 -1 8969 -1 -2
39 -1 365 -1 431 -1 431 -1 628 -1 -2
39 -1 365 -1 431 -1 431 -1 628 -1 -2
39 -1 365 -1 431 -1 431 -1 628 -1 -2
153 -1 203 -1 365 -1 431 -1 431 -1 9012 -1 -2
19235 -1 17524 -1 1118 -1 1066 -1 966 -1 -2
39 -1 365 -1 431 -1 431 -1 628 -1 -2
39 -1 365 -1 431 -1 431 -1 628 -1 -2
153 -1 203 -1 365 -1 431 -1 431 -1 3858 -1 -2
1530 -1 9830 -1 2540 -1 4329 -1 964 -1 -2
39 -1 365 -1 431 -1 431 -1 628 -1 -2
39 -1 365 -1 431 -1 431 -1 628 -1 -2
153 -1 203 -1 365 -1 431 -1 431 -1 -2
1675 -1 2301 -1 1115 -1 15276 -1 970 -1 3459 -1 989 -1 2584 -1 -2
153 -1 203 -1 365 -1 431 -1 431 -1 12199 -1 -2
39 -1 365 -1 431 -1 431 -1 628 -1 15284 -1 -2
39 -1 365 -1 431 -1 431 -1 628 -1 15284 -1 2662 -1 -2
39 -1 365 -1 431 -1 431 -1 628 -1 18544 -1 -2
153 -1 203 -1 365 -1 431 -1 431 -1 -2
18817 -1 2822 -1 3159 -1 3618 -1 2156 -1 -2
1055 -1 2133 -1 20044 -1 2280 -1 3721 -1 3540 -1 -2
39 -1 365 -1 431 -1 431 -1 628 -1 -2
153 -1 203 -1 365 -1 431 -1 431 -1 -2
153 -1 203 -1 365 -1 431 -1 431 -1 9978 -1 -2
39 -1 365 -1 431 -1 431 -1 628 -1 13332 -1 -2
39 -1 365 -1 431 -1 431 -1 628 -1 18578 -1 -2
26 -1 335 -1 498 -1 1197 -1 2750 -1 415 -1 415 -1 -2
153 -1 203 -1 431 -1 431 -1 431 -1 431 -1 -2
153 -1 203 -1 431 -1 431 -1 431 -1 431 -1 -2
39 -1 365 -1 431 -1 431 -1 628 -1 -2
153 -1 203 -1 365 -1 431 -1 431 -1 9861 -1 -2
231 -1 1344 -1 435 -1 435 -1 3576 -1 -2
39 -1 365 -1 431 -1 431 -1 628 -1 -2
39 -1 365 -1 431 -1 431 -1 628 -1 -2
39 -1 365 -1 431 -1 431 -1 628 -1 9552 -1 -2
14146 -1 12478 -1 12487 -1 12725 -1 12726 -1 12479 -1 12480 -1 12481 -1 12482 -1 12483 -1 2252 -1 3508 -1 26114 -1 -2
39 -1 431 -1 431 -1 431 -1 431 -1 628 -1 -2
11531 -1 2499 -1 17556 -1 2363 -1 22662 -1 15738 -1 -2
153 -1 203 -1 365 -1 431 -1 431 -1 -2
153 -1 203 -1 431 -1 431 -1 398 -1 398 -1 -2
39 -1 365 -1 431 -1 431 -1 628 -1 2545 -1 -2
153 -1 203 -1 365 -1 431 -1 431 -1 9707 -1 -2
39 -1 365 -1 431 -1 431 -1 628 -1 -2
153 -1 203 -1 365 -1 431 -1 431 -1 12794 -1 -2
153 -1 203 -1 365 -1 431 -1 431 -1 -2
153 -1 203 -1 365 -1 431 -1 431 -1 -2
2293 -1 2236 -1 2047 -1 2870 -1 2873 -1 2301 -1 3993 -1 -2
3074 -1 3436 -1 16225 -1 20465 -1 20435 -1 -2
18835 -1 18900 -1 18898 -1 2750 -1 2863 -1 1434 -1 611 -1 3610 -1 2750 -1 2750 -1 2750 -1 -2
10158 -1 153 -1 203 -1 365 -1 431 -1 431 -1 14030 -1 -2
3502 -1 3668 -1 1353 -1 2949 -1 3417 -1 -2
153 -1 203 -1 365 -1 431 -1 431 -1 12199 -1 -2
918 -1 231 -1 894 -1 1344 -1 1888 -1 -2
39 -1 365 -1 431 -1 431 -1 628 -1 9331 -1 -2
39 -1 365 -1 431 -1 431 -1 628 -1 15284 -1 -2
1408 -1 112 -1 112 -1 2941 -1 112 -1 -2
153 -1 203 -1 365 -1 431 -1 431 -1 -2
153 -1 203 -1 365 -1 431 -1 431 -1 -2
213 -1 611 -1 1810 -1 3610 -1 180 -1 -2
1543 -1 1746 -1 17062 -1 611 -1 3610 -1 2750 -1 -2
153 -1 203 -1 365 -1 431 -1 431 -1 8566 -1 -2
39 -1 365 -1 431 -1 431 -1 628 -1 10189 -1 -2
153 -1 203 -1 365 -1 431 -1 431 -1 11618 -1 -2
19193 -1 22708 -1 3526 -1 23013 -1 23017 -1 25528 -1 -2
386 -1 386 -1 2128 -1 479 -1 1615 -1 -2
153 -1 203 -1 365 -1 431 -1 431 -1 27023 -1 -2
39 -1 365 -1 431 -1 431 -1 628 -1 -2
2885 -1 3983 -1 3571 -1 4008 -1 4394 -1 1 -1 -2
39 -1 365 -1 431 -1 431 -1 628 -1 -2
39 -1 365 -1 431 -1 431 -1 628 -1 -2
153 -1 203 -1 365 -1 431 -1 431 -1 -2
153 -1 203 -1 365 -1 431 -1 431 -1 8569 -1 -2
153 -1 203 -1 365 -1 431 -1 431 -1 -2
39 -1 365 -1 431 -1 431 -1 628 -1 16331 -1 -2
273 -1 1357 -1 434 -1 434 -1 1055 -1 -2
39 -1 365 -1 431 -1 431 -1 628 -1 7038 -1 -2
39 -1 431 -1 431 -1 628 -1 7100 -1 -2
2750 -1 382 -1 382 -1 21312 -1 611 -1 3610 -1 -2
153 -1 203 -1 365 -1 431 -1 431 -1 -2
39 -1 365 -1 431 -1 431 -1 628 -1 -2
3749 -1 405 -1 405 -1 4108 -1 4195 -1 -2
1170 -1 1116 -1 192 -1 2424 -1 15890 -1 -2
231 -1 1344 -1 1635 -1 19358 -1 14 -1 -2
153 -1 203 -1 365 -1 431 -1 431 -1 -2
2166 -1 2301 -1 19142 -1 24198 -1 2750 -1 -2
39 -1 365 -1 431 -1 431 -1 628 -1 -2
39 -1 365 -1 431 -1 431 -1 628 -1 17056 -1 -2
153 -1 203 -1 365 -1 431 -1 431 -1 2707 -1 19881 -1 -2
39 -1 365 -1 431 -1 431 -1 628 -1 -2
39 -1 365 -1 431 -1 431 -1 628 -1 17056 -1 -2
153 -1 203 -1 365 -1 431 -1 431 -1 7306 -1 -2
153 -1 203 -1 365 -1 431 -1 431 -1 -2
2750 -1 2750 -1 2750 -1 345 -1 6791 -1 -2
1186 -1 16410 -1 1977 -1 14301 -1 3523 -1 3254 -1 3527 -1 -2
153 -1 203 -1 365 -1 431 -1 431 -1 -2
39 -1 365 -1 431 -1 431 -1 628 -1 11762 -1 -2
39 -1 365 -1 431 -1 431 -1 628 -1 24560 -1 -2
435 -1 435 -1 3576 -1 231 -1 1344 -1 -2
153 -1 203 -1 365 -1 431 -1 431 -1 -2
2822 -1 2777 -1 3395 -1 3690 -1 3993 -1 -2
4093 -1 26682 -1 26621 -1 26644 -1 26681 -1 26683 -1 -2
153 -1 203 -1 365 -1 431 -1 431 -1 -2
153 -1 203 -1 365 -1 431 -1 431 -1 -2
3520 -1 3479 -1 22840 -1 3671 -1 23588 -1 -2
153 -1 203 -1 365 -1 431 -1 431 -1 8566 -1 -2
153 -1 203 -1 365 -1 431 -1 431 -1 22644 -1 -2
39 -1 365 -1 431 -1 431 -1 628 -1 -2
39 -1 365 -1 431 -1 431 -1 628 -1 15323 -1 -2
91 -1 192 -1 231 -1 1344 -1 892 -1 -2
153 -1 203 -1 365 -1 431 -1 431 -1 12199 -1 -2
153 -1 203 -1 365 -1 431 -1 431 -1 9707 -1 13644 -1 -2
39 -1 365 -1 431 -1 431 -1 628 -1 19061 -1 -2
501 -1 1445 -1 1444 -1 2035 -1 551 -1 3798 -1 -2
39 -1 365 -1 431 -1 431 -1 628 -1 -2
39 -1 365 -1 431 -1 431 -1 628 -1 -2
2164 -1 2576 -1 2577 -1 14987 -1 17555 -1 -2
153 -1 203 -1 365 -1 431 -1 431 -1 -2
39 -1 365 -1 431 -1 431 -1 628 -1 18674 -1 -2
299 -1 1224 -1 1566 -1 2035 -1 3362 -1 881 -1 542 -1 4134 -1 415 -1 415 -1 -2
153 -1 203 -1 365 -1 431 -1 431 -1 -2
39 -1 365 -1 431 -1 431 -1 628 -1 17056 -1 -2
153 -1 203 -1 365 -1 431 -1 431 -1 11618 -1 -2
153 -1 203 -1 365 -1 431 -1 431 -1 -2
231 -1 1344 -1 2174 -1 413 -1 413 -1 -2
39 -1 365 -1 431 -1 431 -1 628 -1 17056 -1 -2
153 -1 203 -1 365 -1 431 -1 431 -1 -2
39 -1 365 -1 431 -1 431 -1 628 -1 2545 -1 -2
4240 -1 3248 -1 3838 -1 3581 -1 3582 -1 -2
39 -1 365 -1 431 -1 431 -1 628 -1 23667 -1 -2
39 -1 365 -1 431 -1 431 -1 628 -1 23667 -1 1253 -1 -2
39 -1 365 -1 431 -1 431 -1 628 -1 -2
153 -1 203 -1 365 -1 431 -1 431 -1 -2
39 -1 365 -1 431 -1 431 -1 628 -1 -2
6888 -1 1152 -1 987 -1 594 -1 3439 -1 -2
153 -1 203 -1 365 -1 431 -1 431 -1 12794 -1 -2
153 -1 203 -1 431 -1 431 -1 758 -1 -2
3340 -1 299 -1 1197 -1 551 -1 3798 -1 542 -1 -2
153 -1 203 -1 365 -1 431 -1 431 -1 25178 -1 -2
11797 -1 3103 -1 3737 -1 2745 -1 27243 -1 -2
560 -1 1382 -1 2234 -1 542 -1 2750 -1 -2
4044 -1 4044 -1 4044 -1 4044 -1 4044 -1 4044 -1 4044 -1 4044 -1 4044 -1 4044 -1 4044 -1 -2
39 -1 365 -1 431 -1 431 -1 628 -1 -2
153 -1 203 -1 365 -1 431 -1 431 -1 -2
884 -1 9565 -1 15951 -1 16472 -1 907 -1 2370 -1 1001 -1 16432 -1 2811 -1 1369 -1 2641 -1 1619 -1 22495 -1 762 -1 2613 -1 1678 -1 289 -1 -2
39 -1 365 -1 431 -1 431 -1 628 -1 11710 -1 -2
39 -1 365 -1 431 -1 431 -1 628 -1 8308 -1 -2
39 -1 365 -1 431 -1 431 -1 628 -1 -2
1921 -1 11817 -1 16058 -1 17891 -1 18618 -1 -2
564 -1 562 -1 7349 -1 3 -1 2265 -1 2408 -1 18715 -1 26072 -1 1066 -1 -2
39 -1 365 -1 431 -1 431 -1 628 -1 2264 -1 -2
153 -1 203 -1 431 -1 431 -1 431 -1 431 -1 -2
39 -1 365 -1 431 -1 431 -1 628 -1 -2
39 -1 365 -1 431 -1 431 -1 628 -1 -2
201 -1 503 -1 435 -1 435 -1 3576 -1 -2
39 -1 365 -1 431 -1 431 -1 628 -1 18544 -1 -2
153 -1 203 -1 365 -1 431 -1 431 -1 -2
39 -1 365 -1 431 -1 431 -1 628 -1 7100 -1 -2
95 -1 95 -1 1090 -1 1090 -1 629 -1 -2
153 -1 203 -1 365 -1 431 -1 431 -1 -2
1800 -1 14294 -1 2287 -1 3540 -1 2750 -1 -2
12549 -1 365 -1 431 -1 431 -1 21439 -1 27914 -1 -2
153 -1 203 -1 365 -1 431 -1 431 -1 -2
39 -1 365 -1 431 -1 431 -1 628 -1 12381 -1 -2
153 -1 203 -1 365 -1 431 -1 431 -1 -2
39 -1 365 -1 431 -1 431 -1 628 -1 -2
1114 -1 964 -1 11259 -1 11273 -1 11260 -1 -2
325 -1 323 -1 6237 -1 7127 -1 15 -1 2750 -1 1423 -1 -2
2288 -1 1848 -1 2623 -1 2395 -1 3157 -1 2592 -1 1720 -1 3399 -1 2490 -1 -2
153 -1 203 -1 365 -1 431 -1 431 -1 -2
3340 -1 2780 -1 881 -1 415 -1 415 -1 -2
231 -1 1344 -1 1599 -1 3105 -1 112 -1 4454 -1 -2
153 -1 203 -1 365 -1 431 -1 431 -1 -2
153 -1 203 -1 365 -1 431 -1 431 -1 6211 -1 -2
3340 -1 1444 -1 2510 -1 382 -1 382 -1 -2
39 -1 365 -1 431 -1 431 -1 628 -1 -2
153 -1 203 -1 365 -1 431 -1 431 -1 -2
7921 -1 1152 -1 17813 -1 2629 -1 2584 -1 -2
153 -1 203 -1 365 -1 431 -1 431 -1 -2
153 -1 203 -1 365 -1 431 -1 431 -1 -2
39 -1 365 -1 431 -1 431 -1 628 -1 7100 -1 -2
39 -1 365 -1 431 -1 431 -1 628 -1 -2
39 -1 365 -1 431 -1 431 -1 628 -1 -2
23492 -1 107 -1 1205 -1 1205 -1 3493 -1 18431 -1 -2
153 -1 203 -1 365 -1 431 -1 431 -1 19879 -1 -2
153 -1 203 -1 431 -1 431 -1 431 -1 431 -1 -2
153 -1 203 -1 365 -1 431 -1 431 -1 -2
39 -1 365 -1 431 -1 431 -1 628 -1 13336 -1 -2
39 -1 365 -1 431 -1 431 -1 628 -1 -2
119 -1 24 -1 873 -1 563 -1 182 -1 -2
153 -1 203 -1 365 -1 431 -1 431 -1 8343 -1 -2
153 -1 203 -1 365 -1 431 -1 431 -1 -2
61 -1 618 -1 3945 -1 3320 -1 1158 -1 -2
153 -1 203 -1 365 -1 431 -1 431 -1 -2
153 -1 203 -1 365 -1 431 -1 431 -1 -2
153 -1 203 -1 365 -1 431 -1 431 -1 -2
153 -1 203 -1 365 -1 431 -1 431 -1 -2
5438 -1 440 -1 440 -1 439 -1 439 -1 -2
1401 -1 1403 -1 1415 -1 3784 -1 24662 -1 -2
39 -1 365 -1 431 -1 431 -1 628 -1 7502 -1 -2
153 -1 203 -1 365 -1 431 -1 431 -1 -2
39 -1 365 -1 431 -1 431 -1 628 -1 6874 -1 -2
532 -1 789 -1 24 -1 210 -1 534 -1 -2
562 -1 11273 -1 7439 -1 3331 -1 618 -1 430 -1 430 -1 19142 -1 2863 -1 24362 -1 20220 -1 23703 -1 24125 -1 24380 -1 24507 -1 20630 -1 747 -1 18940 -1 28081 -1 23226 -1 966 -1 2797 -1 2161 -1 -2
39 -1 365 -1 431 -1 431 -1 628 -1 2545 -1 -2
39 -1 365 -1 431 -1 431 -1 628 -1 -2
39 -1 365 -1 431 -1 431 -1 628 -1 2545 -1 -2
39 -1 365 -1 431 -1 431 -1 628 -1 -2
39 -1 365 -1 431 -1 431 -1 628 -1 903 -1 -2
39 -1 365 -1 431 -1 431 -1 628 -1 -2
39 -1 365 -1 431 -1 431 -1 628 -1 -2
153 -1 203 -1 365 -1 431 -1 431 -1 -2
153 -1 203 -1 365 -1 431 -1 431 -1 12199 -1 -2
153 -1 203 -1 365 -1 431 -1 431 -1 7306 -1 -2
39 -1 365 -1 431 -1 431 -1 628 -1 14126 -1 -2
39 -1 365 -1 431 -1 431 -1 628 -1 2545 -1 -2
551 -1 3798 -1 2750 -1 415 -1 415 -1 -2
95 -1 1090 -1 929 -1 7273 -1 6416 -1 -2
39 -1 365 -1 431 -1 431 -1 628 -1 -2
153 -1 203 -1 365 -1 431 -1 431 -1 -2
153 -1 203 -1 365 -1 431 -1 431 -1 -2
153 -1 203 -1 365 -1 431 -1 431 -1 8769 -1 -2
2750 -1 2750 -1 2750 -1 2750 -1 2750 -1 2750 -1 212 -1 -2
483 -1 483 -1 149 -1 584 -1 512 -1 298 -1 312 -1 608 -1 853 -1 743 -1 655 -1 837 -1 -2
153 -1 203 -1 365 -1 431 -1 431 -1 -2
39 -1 365 -1 431 -1 431 -1 628 -1 -2
1140 -1 61 -1 1186 -1 1142 -1 1405 -1 610 -1 -2
153 -1 203 -1 365 -1 431 -1 431 -1 -2
153 -1 203 -1 365 -1 431 -1 431 -1 -2
39 -1 365 -1 431 -1 431 -1 628 -1 -2
39 -1 365 -1 431 -1 431 -1 628 -1 -2
140 -1 212 -1 390 -1 390 -1 1389 -1 -2
16916 -1 2454 -1 2509 -1 2558 -1 1785 -1 -2
2044 -1 2519 -1 3594 -1 4083 -1 27242 -1 -2
153 -1 203 -1 365 -1 431 -1 431 -1 -2
2750 -1 415 -1 415 -1 611 -1 3610 -1 4134 -1 -2
153 -1 203 -1 365 -1 431 -1 431 -1 9861 -1 -2
698 -1 1543 -1 1566 -1 2034 -1 14 -1 611 -1 3610 -1 -2
39 -1 365 -1 431 -1 431 -1 628 -1 -2
153 -1 203 -1 365 -1 431 -1 431 -1 -2
153 -1 203 -1 431 -1 431 -1 431 -1 431 -1 -2
153 -1 203 -1 365 -1 431 -1 431 -1 -2
153 -1 203 -1 365 -1 431 -1 431 -1 -2
153 -1 203 -1 365 -1 431 -1 431 -1 -2
39 -1 365 -1 431 -1 431 -1 628 -1 2570 -1 -2
39 -1 365 -1 431 -1 431 -1 628 -1 17056 -1 -2
