1460592000 -1 1460592000 -1 1460592000 -1 1460592000 -1 1460592000 -1 1460592000 -1 -2
1365120000 -1 1428537600 -1 1449878400 -1 1504828800 -1 1505520000 -1 1505520000 -1 -2
1412812800 -1 1412812800 -1 1412812800 -1 1412812800 -1 1412812800 -1 -2
1386806400 -1 1386806400 -1 1386806400 -1 1386806400 -1 1386806400 -1 -2
1463616000 -1 1463616000 -1 1463616000 -1 1463616000 -1 1463616000 -1 1463616000 -1 -2
1504310400 -1 1504310400 -1 1505001600 -1 1505001600 -1 1505952000 -1 -2
1442448000 -1 1442448000 -1 1442448000 -1 1442448000 -1 1442448000 -1 -2
1333670400 -1 1333670400 -1 1359936000 -1 1363824000 -1 1365724800 -1 1451606400 -1 1473033600 -1 -2
1484956800 -1 1484956800 -1 1484956800 -1 1484956800 -1 1484956800 -1 -2
1465084800 -1 1465084800 -1 1465084800 -1 1465171200 -1 1465171200 -1 1466812800 -1 -2
1457654400 -1 1457654400 -1 1457654400 -1 1457654400 -1 1457654400 -1 1457654400 -1 -2
1412294400 -1 1471737600 -1 1471737600 -1 1509321600 -1 1509321600 -1 -2
1399334400 -1 1399334400 -1 1399334400 -1 1399334400 -1 1399334400 -1 -2
1467331200 -1 1467331200 -1 1467331200 -1 1467331200 -1 1467331200 -1 -2
1438819200 -1 1438819200 -1 1438819200 -1 1438819200 -1 1438819200 -1 -2
1375574400 -1 1375574400 -1 1375574400 -1 1375574400 -1 1375574400 -1 1402790400 -1 -2
1458000000 -1 1458000000 -1 1458000000 -1 1458000000 -1 1458000000 -1 1458000000 -1 -2
1377388800 -1 1448582400 -1 1455062400 -1 1474416000 -1 1476316800 -1 -2
1526169600 -1 1526169600 -1 1526169600 -1 1526169600 -1 1526169600 -1 -2
1484611200 -1 1484611200 -1 1484611200 -1 1484611200 -1 1484611200 -1 1484611200 -1 -2
1456963200 -1 1457568000 -1 1459814400 -1 1460678400 -1 1462406400 -1 1462838400 -1 1463443200 -1 -2
1285804800 -1 1381104000 -1 1406764800 -1 1406764800 -1 1412726400 -1 -2
1481328000 -1 1481328000 -1 1481328000 -1 1481328000 -1 1481328000 -1 -2
1360540800 -1 1360540800 -1 1360540800 -1 1360540800 -1 1360540800 -1 -2
1434326400 -1 1434326400 -1 1434326400 -1 1434326400 -1 1434326400 -1 -2
1481760000 -1 1481760000 -1 1481760000 -1 1481760000 -1 1481760000 -1 -2
1439510400 -1 1439510400 -1 1439510400 -1 1439510400 -1 1439510400 -1 -2
1376870400 -1 1376870400 -1 1376870400 -1 1376870400 -1 1376870400 -1 -2
1465776000 -1 1465776000 -1 1465776000 -1 1465776000 -1 1465776000 -1 -2
1464134400 -1 1464134400 -1 1464134400 -1 1464134400 -1 1464134400 -1 1464134400 -1 -2
1337126400 -1 1337126400 -1 1504742400 -1 1504742400 -1 1504828800 -1 1504828800 -1 -2
1451692800 -1 1451692800 -1 1462579200 -1 1462579200 -1 1492387200 -1 -2
1471996800 -1 1471996800 -1 1471996800 -1 1471996800 -1 1471996800 -1 1471996800 -1 1471996800 -1 -2
1362614400 -1 1362614400 -1 1362614400 -1 1362614400 -1 1362614400 -1 1362614400 -1 -2
1489708800 -1 1489708800 -1 1489708800 -1 1489708800 -1 1489708800 -1 -2
1466985600 -1 1466985600 -1 1466985600 -1 1466985600 -1 1466985600 -1 1466985600 -1 -2
1501027200 -1 1504224000 -1 1504224000 -1 1504569600 -1 1504569600 -1 1506729600 -1 -2
1460246400 -1 1461369600 -1 1461369600 -1 1461369600 -1 1461369600 -1 1461369600 -1 -2
1455580800 -1 1455580800 -1 1455580800 -1 1455580800 -1 1455580800 -1 -2
1417737600 -1 1417737600 -1 1418947200 -1 1418947200 -1 1421107200 -1 1427673600 -1 1427673600 -1 -2
1453593600 -1 1453593600 -1 1453593600 -1 1453593600 -1 1453593600 -1 -2
1412380800 -1 1412380800 -1 1412380800 -1 1412380800 -1 1412380800 -1 -2
1361145600 -1 1361145600 -1 1361145600 -1 1361145600 -1 1361145600 -1 -2
1441843200 -1 1441843200 -1 1441843200 -1 1441843200 -1 1441843200 -1 -2
1441411200 -1 1441411200 -1 1441411200 -1 1441411200 -1 1441411200 -1 -2
1418428800 -1 1418428800 -1 1418428800 -1 1418428800 -1 1418428800 -1 -2
1344988800 -1 1344988800 -1 1344988800 -1 1344988800 -1 1344988800 -1 1344988800 -1 -2
1361923200 -1 1361923200 -1 1361923200 -1 1361923200 -1 1361923200 -1 -2
1447113600 -1 1477267200 -1 1477267200 -1 1477267200 -1 1477440000 -1 -2
1435622400 -1 1435622400 -1 1435622400 -1 1435622400 -1 1435622400 -1 -2
1430438400 -1 1430438400 -1 1442620800 -1 1456963200 -1 1459555200 -1 -2
1462579200 -1 1462579200 -1 1462579200 -1 1462579200 -1 1462579200 -1 1462579200 -1 -2
1399507200 -1 1399507200 -1 1399507200 -1 1399507200 -1 1399507200 -1 -2
1469059200 -1 1469059200 -1 1469059200 -1 1469059200 -1 1469059200 -1 1469059200 -1 -2
1353456000 -1 1419984000 -1 1504310400 -1 1504310400 -1 1506643200 -1 1506643200 -1 -2
1452211200 -1 1452211200 -1 1452211200 -1 1454198400 -1 1454198400 -1 -2
1395878400 -1 1395878400 -1 1395878400 -1 1395878400 -1 1395878400 -1 1413504000 -1 -2
1464048000 -1 1464048000 -1 1464048000 -1 1464048000 -1 1464048000 -1 -2
1271116800 -1 1358726400 -1 1358726400 -1 1365379200 -1 1510099200 -1 1531008000 -1 -2
1455148800 -1 1455148800 -1 1455148800 -1 1455148800 -1 1455148800 -1 1455148800 -1 -2
1403913600 -1 1403913600 -1 1403913600 -1 1403913600 -1 1403913600 -1 -2
1447891200 -1 1447891200 -1 1447891200 -1 1447891200 -1 1447891200 -1 1447891200 -1 -2
1457136000 -1 1457136000 -1 1457136000 -1 1457136000 -1 1457136000 -1 -2
1388880000 -1 1388880000 -1 1388880000 -1 1388880000 -1 1388880000 -1 1388880000 -1 1388880000 -1 1388880000 -1 1388880000 -1 1388880000 -1 -2
1320537600 -1 1320537600 -1 1366761600 -1 1416528000 -1 1417305600 -1 1507593600 -1 -2
1416960000 -1 1416960000 -1 1416960000 -1 1422489600 -1 1422489600 -1 -2
1419724800 -1 1419724800 -1 1419724800 -1 1419724800 -1 1419724800 -1 -2
1317081600 -1 1393891200 -1 1503792000 -1 1504310400 -1 1504310400 -1 -2
1446163200 -1 1446163200 -1 1446163200 -1 1446163200 -1 1446163200 -1 -2
1370304000 -1 1370304000 -1 1370304000 -1 1370304000 -1 1370304000 -1 -2
1353974400 -1 1353974400 -1 1353974400 -1 1353974400 -1 1353974400 -1 1353974400 -1 -2
1249689600 -1 1504051200 -1 1504396800 -1 1504396800 -1 1505001600 -1 1505001600 -1 -2
1475020800 -1 1475020800 -1 1475020800 -1 1475020800 -1 1475020800 -1 1475020800 -1 -2
1377043200 -1 1377043200 -1 1377043200 -1 1377043200 -1 1377043200 -1 -2
1368576000 -1 1368576000 -1 1368576000 -1 1368576000 -1 1368576000 -1 -2
1432512000 -1 1432512000 -1 1432512000 -1 1432512000 -1 1432512000 -1 1432512000 -1 -2
1513468800 -1 1513468800 -1 1513468800 -1 1513468800 -1 1513468800 -1 1513468800 -1 -2
1504396800 -1 1504396800 -1 1504396800 -1 1504569600 -1 1504569600 -1 1506556800 -1 -2
1526169600 -1 1526169600 -1 1526169600 -1 1526169600 -1 1526169600 -1 -2
1486684800 -1 1486684800 -1 1486684800 -1 1486684800 -1 1486684800 -1 1486684800 -1 -2
1383523200 -1 1422835200 -1 1458777600 -1 1504051200 -1 1505952000 -1 1505952000 -1 1518739200 -1 -2
1428278400 -1 1428278400 -1 1428278400 -1 1428278400 -1 1428278400 -1 1428278400 -1 -2
1458777600 -1 1458777600 -1 1458777600 -1 1458777600 -1 1458777600 -1 1458777600 -1 -2
1377907200 -1 1377907200 -1 1377907200 -1 1377907200 -1 1377907200 -1 -2
1387065600 -1 1387065600 -1 1387065600 -1 1387065600 -1 1387065600 -1 -2
1314403200 -1 1314403200 -1 1315612800 -1 1346025600 -1 1346025600 -1 1363305600 -1 -2
1481673600 -1 1481673600 -1 1481673600 -1 1481673600 -1 1481673600 -1 1481673600 -1 -2
1476662400 -1 1476662400 -1 1476662400 -1 1476662400 -1 1476662400 -1 1476662400 -1 -2
1360022400 -1 1456272000 -1 1460937600 -1 1462752000 -1 1462752000 -1 1462752000 -1 1462752000 -1 -2
1452124800 -1 1452124800 -1 1452124800 -1 1452124800 -1 1452124800 -1 1452124800 -1 -2
1416096000 -1 1416096000 -1 1416096000 -1 1416096000 -1 1416096000 -1 -2
1427068800 -1 1427068800 -1 1427068800 -1 1427068800 -1 1427068800 -1 -2
1458086400 -1 1458086400 -1 1458086400 -1 1458086400 -1 1458086400 -1 -2
1438905600 -1 1438905600 -1 1438905600 -1 1438905600 -1 1438905600 -1 -2
1467590400 -1 1467590400 -1 1467590400 -1 1467590400 -1 1467590400 -1 1467590400 -1 -2
1497484800 -1 1497484800 -1 1497484800 -1 1497484800 -1 1497484800 -1 -2
1454198400 -1 1454198400 -1 1454198400 -1 1454198400 -1 1454198400 -1 1454198400 -1 -2
1468022400 -1 1468022400 -1 1468022400 -1 1468022400 -1 1468022400 -1 -2
1467936000 -1 1467936000 -1 1467936000 -1 1468108800 -1 1468108800 -1 1468627200 -1 -2
1283731200 -1 1283731200 -1 1380153600 -1 1395273600 -1 1410307200 -1 -2
1405814400 -1 1405814400 -1 1405814400 -1 1405814400 -1 1405814400 -1 -2
1418688000 -1 1458259200 -1 1458259200 -1 1458604800 -1 1458604800 -1 1458604800 -1 -2
1402444800 -1 1402444800 -1 1424995200 -1 1424995200 -1 1433462400 -1 1447286400 -1 1449100800 -1 1464048000 -1 -2
1348790400 -1 1395100800 -1 1395100800 -1 1395100800 -1 1395100800 -1 1395100800 -1 -2
1416268800 -1 1428364800 -1 1428364800 -1 1428364800 -1 1428364800 -1 1428364800 -1 -2
1377734400 -1 1377734400 -1 1377734400 -1 1377734400 -1 1377734400 -1 -2
1385510400 -1 1385510400 -1 1385510400 -1 1385510400 -1 1385683200 -1 -2
1453852800 -1 1453852800 -1 1453852800 -1 1453852800 -1 1453852800 -1 1453852800 -1 -2
1457827200 -1 1457827200 -1 1457827200 -1 1457827200 -1 1457827200 -1 1457827200 -1 -2
1444435200 -1 1444435200 -1 1444435200 -1 1444435200 -1 1444435200 -1 -2
1468454400 -1 1468454400 -1 1468454400 -1 1468454400 -1 1468454400 -1 1468454400 -1 -2
1409875200 -1 1409875200 -1 1409875200 -1 1409875200 -1 1409875200 -1 -2
1409270400 -1 1409270400 -1 1409270400 -1 1409270400 -1 1409270400 -1 -2
1400025600 -1 1400025600 -1 1400025600 -1 1400025600 -1 1400025600 -1 -2
1404518400 -1 1404518400 -1 1404518400 -1 1404518400 -1 1404518400 -1 -2
1362528000 -1 1362528000 -1 1362528000 -1 1362528000 -1 1362528000 -1 -2
1513468800 -1 1513468800 -1 1513468800 -1 1513468800 -1 1513468800 -1 -2
1483056000 -1 1483056000 -1 1483056000 -1 1483056000 -1 1483056000 -1 -2
1432684800 -1 1432684800 -1 1432684800 -1 1432684800 -1 1432684800 -1 -2
1429142400 -1 1429142400 -1 1429142400 -1 1429142400 -1 1429142400 -1 -2
1257724800 -1 1369267200 -1 1369872000 -1 1509667200 -1 1509667200 -1 1509667200 -1 -2
1526083200 -1 1526083200 -1 1526083200 -1 1526083200 -1 1526083200 -1 -2
1459296000 -1 1459296000 -1 1459296000 -1 1459296000 -1 1459296000 -1 -2
1123027200 -1 1124236800 -1 1124755200 -1 1184976000 -1 1184976000 -1 1184976000 -1 1240185600 -1 1299974400 -1 -2
1405036800 -1 1405036800 -1 1405036800 -1 1405036800 -1 1405036800 -1 -2
1427587200 -1 1427587200 -1 1427587200 -1 1427587200 -1 1427587200 -1 -2
1399852800 -1 1399852800 -1 1399852800 -1 1399852800 -1 1399852800 -1 -2
1485993600 -1 1485993600 -1 1485993600 -1 1485993600 -1 1485993600 -1 1485993600 -1 -2
1509667200 -1 1509667200 -1 1509667200 -1 1509667200 -1 1509667200 -1 -2
1477785600 -1 1477785600 -1 1477785600 -1 1477785600 -1 1477785600 -1 -2
1398297600 -1 1398297600 -1 1398297600 -1 1398297600 -1 1398297600 -1 -2
1368230400 -1 1368230400 -1 1368230400 -1 1368230400 -1 1368230400 -1 -2
1362096000 -1 1362096000 -1 1362096000 -1 1362096000 -1 1362096000 -1 -2
1431820800 -1 1459036800 -1 1466294400 -1 1466294400 -1 1466726400 -1 -2
1519171200 -1 1519171200 -1 1519171200 -1 1519171200 -1 1519171200 -1 -2
1374451200 -1 1374451200 -1 1374451200 -1 1374451200 -1 1374451200 -1 -2
1523750400 -1 1523750400 -1 1523750400 -1 1523750400 -1 1523750400 -1 -2
1456790400 -1 1456790400 -1 1456790400 -1 1456790400 -1 1456790400 -1 -2
1448323200 -1 1448323200 -1 1448323200 -1 1448323200 -1 1448323200 -1 -2
1443916800 -1 1443916800 -1 1443916800 -1 1443916800 -1 1443916800 -1 1443916800 -1 -2
1430265600 -1 1444348800 -1 1446336000 -1 1452297600 -1 1455494400 -1 -2
1411084800 -1 1411084800 -1 1411084800 -1 1411084800 -1 1411084800 -1 -2
1443139200 -1 1443139200 -1 1443139200 -1 1443139200 -1 1443139200 -1 1443139200 -1 -2
1468368000 -1 1468368000 -1 1468368000 -1 1468368000 -1 1468368000 -1 1468368000 -1 -2
1293840000 -1 1293840000 -1 1293840000 -1 1293840000 -1 1293840000 -1 -2
1489276800 -1 1489276800 -1 1489276800 -1 1489276800 -1 1489276800 -1 -2
1519344000 -1 1519344000 -1 1519344000 -1 1519344000 -1 1519344000 -1 1519344000 -1 -2
1400889600 -1 1400889600 -1 1400889600 -1 1400889600 -1 1400889600 -1 -2
1472515200 -1 1476144000 -1 1476144000 -1 1476144000 -1 1476144000 -1 1476316800 -1 1522713600 -1 -2
1447286400 -1 1453593600 -1 1453593600 -1 1454976000 -1 1456099200 -1 1462147200 -1 1462147200 -1 -2
1435190400 -1 1435190400 -1 1435190400 -1 1435190400 -1 1435190400 -1 -2
1520208000 -1 1520208000 -1 1520208000 -1 1520208000 -1 1520208000 -1 -2
1485907200 -1 1485907200 -1 1485907200 -1 1485907200 -1 1485907200 -1 -2
1441411200 -1 1441411200 -1 1441411200 -1 1441411200 -1 1441411200 -1 -2
1417910400 -1 1438214400 -1 1451952000 -1 1456272000 -1 1462579200 -1 1472256000 -1 1473206400 -1 1488672000 -1 1492214400 -1 -2
1473638400 -1 1474675200 -1 1474675200 -1 1493596800 -1 1513468800 -1 1520812800 -1 1522627200 -1 1532649600 -1 -2
1481241600 -1 1481241600 -1 1481241600 -1 1481241600 -1 1481241600 -1 1481241600 -1 -2
1478995200 -1 1478995200 -1 1478995200 -1 1478995200 -1 1478995200 -1 1478995200 -1 -2
1411948800 -1 1423440000 -1 1427241600 -1 1427241600 -1 1433721600 -1 1438041600 -1 1439942400 -1 1448841600 -1 1455580800 -1 1457654400 -1 1457827200 -1 1469404800 -1 -2
1310169600 -1 1471305600 -1 1471305600 -1 1471305600 -1 1471305600 -1 -2
1461715200 -1 1461715200 -1 1461715200 -1 1461715200 -1 1461715200 -1 1461715200 -1 -2
1411084800 -1 1411084800 -1 1411084800 -1 1411084800 -1 1411084800 -1 -2
1425081600 -1 1425081600 -1 1425081600 -1 1425081600 -1 1425081600 -1 1425081600 -1 -2
1417132800 -1 1417132800 -1 1417132800 -1 1417132800 -1 1417132800 -1 -2
1461888000 -1 1461888000 -1 1461888000 -1 1461888000 -1 1461888000 -1 1461888000 -1 -2
1464307200 -1 1464307200 -1 1464307200 -1 1464307200 -1 1464307200 -1 -2
1498435200 -1 1498435200 -1 1498435200 -1 1498435200 -1 1498435200 -1 -2
1490227200 -1 1490227200 -1 1490227200 -1 1490227200 -1 1490227200 -1 -2
1433376000 -1 1436054400 -1 1439078400 -1 1445040000 -1 1453075200 -1 1454112000 -1 -2
1487203200 -1 1487203200 -1 1487203200 -1 1487203200 -1 1487203200 -1 1487203200 -1 -2
1395187200 -1 1395187200 -1 1395187200 -1 1395187200 -1 1395187200 -1 -2
1330819200 -1 1330819200 -1 1330819200 -1 1330819200 -1 1330819200 -1 1330819200 -1 -2
1486684800 -1 1504137600 -1 1504137600 -1 1504569600 -1 1504569600 -1 -2
1368144000 -1 1431734400 -1 1431734400 -1 1503964800 -1 1506816000 -1 -2
1462320000 -1 1465948800 -1 1466208000 -1 1466380800 -1 1469750400 -1 1470009600 -1 -2
1322870400 -1 1326326400 -1 1349740800 -1 1367366400 -1 1367366400 -1 -2
1506556800 -1 1506556800 -1 1506556800 -1 1506556800 -1 1506556800 -1 1506556800 -1 -2
1458000000 -1 1458000000 -1 1458000000 -1 1458000000 -1 1458000000 -1 -2
1436400000 -1 1436400000 -1 1436400000 -1 1436400000 -1 1436400000 -1 -2
1435363200 -1 1435363200 -1 1435363200 -1 1435363200 -1 1435363200 -1 -2
1408060800 -1 1461628800 -1 1505001600 -1 1505001600 -1 1522713600 -1 1522713600 -1 -2
1429488000 -1 1429488000 -1 1429488000 -1 1429488000 -1 1429488000 -1 -2
1342742400 -1 1342742400 -1 1342742400 -1 1342742400 -1 1342742400 -1 1342742400 -1 -2
1403395200 -1 1403395200 -1 1403395200 -1 1403395200 -1 1403395200 -1 -2
1361836800 -1 1361836800 -1 1361836800 -1 1361836800 -1 1361836800 -1 -2
1486339200 -1 1486339200 -1 1486339200 -1 1486339200 -1 1486339200 -1 1486339200 -1 -2
1456876800 -1 1456876800 -1 1456876800 -1 1456876800 -1 1456876800 -1 1456876800 -1 -2
1489017600 -1 1489017600 -1 1489017600 -1 1489017600 -1 1489017600 -1 1489017600 -1 -2
1384819200 -1 1386806400 -1 1386806400 -1 1387756800 -1 1441152000 -1 1455235200 -1 1455235200 -1 1458604800 -1 -2
1440288000 -1 1462147200 -1 1487635200 -1 1487635200 -1 1487635200 -1 -2
1407456000 -1 1407456000 -1 1407456000 -1 1407456000 -1 1407456000 -1 -2
1437955200 -1 1437955200 -1 1437955200 -1 1437955200 -1 1437955200 -1 -2
1441756800 -1 1441756800 -1 1441756800 -1 1441756800 -1 1441756800 -1 -2
1467936000 -1 1467936000 -1 1467936000 -1 1467936000 -1 1467936000 -1 -2
1390780800 -1 1390780800 -1 1390780800 -1 1390780800 -1 1390780800 -1 -2
1468886400 -1 1468886400 -1 1468886400 -1 1468886400 -1 1468886400 -1 1468886400 -1 -2
1468108800 -1 1468108800 -1 1468108800 -1 1468108800 -1 1468108800 -1 1468108800 -1 -2
1380672000 -1 1380672000 -1 1380672000 -1 1380672000 -1 1380672000 -1 1380672000 -1 -2
1390867200 -1 1390867200 -1 1390867200 -1 1390867200 -1 1390867200 -1 -2
1453161600 -1 1453161600 -1 1453161600 -1 1453161600 -1 1453161600 -1 1453161600 -1 -2
1470441600 -1 1470441600 -1 1497052800 -1 1503446400 -1 1503705600 -1 -2
1426464000 -1 1426464000 -1 1459123200 -1 1459123200 -1 1459123200 -1 -2
1404518400 -1 1404518400 -1 1404518400 -1 1404518400 -1 1404518400 -1 1410912000 -1 -2
1436832000 -1 1436832000 -1 1436832000 -1 1436832000 -1 1436832000 -1 -2
1433548800 -1 1455062400 -1 1465084800 -1 1465689600 -1 1472342400 -1 -2
1421107200 -1 1421107200 -1 1421107200 -1 1421107200 -1 1421107200 -1 -2
1475539200 -1 1475539200 -1 1484179200 -1 1484179200 -1 1502064000 -1 -2
1304640000 -1 1304640000 -1 1304640000 -1 1304640000 -1 1304640000 -1 -2
1489968000 -1 1489968000 -1 1489968000 -1 1489968000 -1 1489968000 -1 1489968000 -1 -2
1387497600 -1 1387497600 -1 1387497600 -1 1387497600 -1 1387497600 -1 -2
1454976000 -1 1454976000 -1 1454976000 -1 1454976000 -1 1454976000 -1 1454976000 -1 -2
1473033600 -1 1473033600 -1 1473033600 -1 1473033600 -1 1473033600 -1 1473033600 -1 -2
1365379200 -1 1365379200 -1 1365379200 -1 1365379200 -1 1365379200 -1 -2
1377129600 -1 1392508800 -1 1428105600 -1 1460678400 -1 1497052800 -1 1504656000 -1 -2
1157846400 -1 1470268800 -1 1470268800 -1 1503964800 -1 1504051200 -1 1504051200 -1 1505952000 -1 1526947200 -1 -2
1445385600 -1 1450310400 -1 1450310400 -1 1450310400 -1 1450310400 -1 1450310400 -1 1450310400 -1 -2
1384128000 -1 1384128000 -1 1384128000 -1 1384128000 -1 1384128000 -1 1434931200 -1 1449187200 -1 -2
1423785600 -1 1423785600 -1 1504137600 -1 1504137600 -1 1504828800 -1 1504828800 -1 -2
1464048000 -1 1464048000 -1 1464048000 -1 1464048000 -1 1464048000 -1 -2
1490140800 -1 1490140800 -1 1490140800 -1 1490140800 -1 1490140800 -1 1490140800 -1 -2
1402358400 -1 1402358400 -1 1402358400 -1 1402358400 -1 1402358400 -1 -2
1434499200 -1 1434499200 -1 1434499200 -1 1434499200 -1 1434499200 -1 1434499200 -1 -2
1296172800 -1 1296172800 -1 1304553600 -1 1356825600 -1 1356825600 -1 -2
1438992000 -1 1458950400 -1 1467504000 -1 1471478400 -1 1473897600 -1 -2
1490227200 -1 1490227200 -1 1490227200 -1 1490227200 -1 1490227200 -1 1490227200 -1 -2
1440374400 -1 1440374400 -1 1440374400 -1 1440374400 -1 1440374400 -1 -2
1445817600 -1 1445817600 -1 1445817600 -1 1445817600 -1 1445817600 -1 -2
1436054400 -1 1436054400 -1 1436054400 -1 1436054400 -1 1436054400 -1 -2
1411603200 -1 1413936000 -1 1413936000 -1 1416182400 -1 1419724800 -1 1419724800 -1 1420243200 -1 1420243200 -1 1425513600 -1 1429142400 -1 1438560000 -1 1444780800 -1 1445212800 -1 1452556800 -1 1455580800 -1 1455580800 -1 1455580800 -1 1457395200 -1 1461196800 -1 1472169600 -1 1476144000 -1 -2
1418601600 -1 1418601600 -1 1418601600 -1 1418601600 -1 1418601600 -1 -2
1492214400 -1 1492214400 -1 1492214400 -1 1492214400 -1 1492214400 -1 1492214400 -1 -2
1373068800 -1 1373068800 -1 1373068800 -1 1373068800 -1 1373068800 -1 -2
1526256000 -1 1526256000 -1 1526256000 -1 1526256000 -1 1526256000 -1 -2
1423094400 -1 1431734400 -1 1442880000 -1 1468195200 -1 1486425600 -1 -2
1392768000 -1 1430956800 -1 1430956800 -1 1443312000 -1 1459814400 -1 -2
1445644800 -1 1445644800 -1 1445644800 -1 1445644800 -1 1445644800 -1 -2
1534723200 -1 1534723200 -1 1534723200 -1 1534723200 -1 1534723200 -1 1534723200 -1 1534723200 -1 1534723200 -1 1534723200 -1 1534723200 -1 -2
1461369600 -1 1470614400 -1 1480896000 -1 1483142400 -1 1491004800 -1 -2
1386806400 -1 1386806400 -1 1386806400 -1 1386806400 -1 1386806400 -1 -2
1175126400 -1 1239667200 -1 1247184000 -1 1470873600 -1 1470873600 -1 1503705600 -1 -2
1349654400 -1 1349654400 -1 1349654400 -1 1349654400 -1 1349654400 -1 1349654400 -1 -2
1414972800 -1 1433376000 -1 1434499200 -1 1456099200 -1 1456617600 -1 1456617600 -1 1456617600 -1 1456876800 -1 1456876800 -1 1467244800 -1 1467331200 -1 1467590400 -1 1467590400 -1 1467590400 -1 -2
1431734400 -1 1431734400 -1 1431734400 -1 1431734400 -1 1431734400 -1 -2
1445558400 -1 1456099200 -1 1456099200 -1 1456099200 -1 1456099200 -1 -2
1238544000 -1 1272412800 -1 1395187200 -1 1416355200 -1 1439078400 -1 1446336000 -1 1503878400 -1 1504224000 -1 1504224000 -1 -2
1501200000 -1 1504051200 -1 1504051200 -1 1504656000 -1 1504656000 -1 -2
1462147200 -1 1462147200 -1 1462147200 -1 1462147200 -1 1462147200 -1 -2
1418515200 -1 1418515200 -1 1418515200 -1 1418515200 -1 1418515200 -1 1418515200 -1 -2
1483747200 -1 1483747200 -1 1483747200 -1 1483747200 -1 1483747200 -1 -2
1296864000 -1 1296864000 -1 1426550400 -1 1431993600 -1 1503964800 -1 1505520000 -1 -2
1490486400 -1 1490486400 -1 1490486400 -1 1490486400 -1 1490486400 -1 1490486400 -1 -2
1455148800 -1 1455235200 -1 1496448000 -1 1497571200 -1 1517529600 -1 -2
1439251200 -1 1439251200 -1 1439251200 -1 1439251200 -1 1439251200 -1 -2
1467763200 -1 1467763200 -1 1467763200 -1 1467763200 -1 1467763200 -1 1467763200 -1 -2
1423872000 -1 1423872000 -1 1423872000 -1 1423872000 -1 1423872000 -1 -2
1519344000 -1 1519344000 -1 1519344000 -1 1519344000 -1 1519344000 -1 -2
1426377600 -1 1426377600 -1 1426377600 -1 1426377600 -1 1426377600 -1 -2
1391472000 -1 1391472000 -1 1391472000 -1 1391472000 -1 1391472000 -1 1391472000 -1 1419897600 -1 -2
1507852800 -1 1512691200 -1 1512691200 -1 1514851200 -1 1514851200 -1 -2
1145145600 -1 1198800000 -1 1199318400 -1 1214265600 -1 1386460800 -1 -2
1498608000 -1 1498608000 -1 1498608000 -1 1498608000 -1 1498608000 -1 1498608000 -1 -2
1364256000 -1 1504224000 -1 1504224000 -1 1504224000 -1 1504224000 -1 1506038400 -1 -2
1143417600 -1 1321228800 -1 1402012800 -1 1402012800 -1 1402012800 -1 -2
1371427200 -1 1371427200 -1 1371427200 -1 1371427200 -1 1371427200 -1 -2
1524096000 -1 1524096000 -1 1524096000 -1 1524096000 -1 1524096000 -1 -2
1377475200 -1 1377475200 -1 1377475200 -1 1377475200 -1 1377475200 -1 -2
1467244800 -1 1467244800 -1 1467244800 -1 1467244800 -1 1467244800 -1 -2
1490486400 -1 1490486400 -1 1490486400 -1 1490486400 -1 1521676800 -1 1521676800 -1 1521676800 -1 1521676800 -1 1521676800 -1 -2
1458777600 -1 1458777600 -1 1458777600 -1 1458777600 -1 1458777600 -1 -2
1421798400 -1 1421798400 -1 1421798400 -1 1421798400 -1 1421798400 -1 -2
1420243200 -1 1420243200 -1 1420243200 -1 1420243200 -1 1420243200 -1 -2
1391385600 -1 1449619200 -1 1449619200 -1 1455926400 -1 1490400000 -1 -2
1467676800 -1 1467676800 -1 1467676800 -1 1467676800 -1 1467676800 -1 -2
1405209600 -1 1405209600 -1 1405209600 -1 1405209600 -1 1405209600 -1 -2
1474675200 -1 1474675200 -1 1474675200 -1 1474675200 -1 1474675200 -1 1474675200 -1 1474675200 -1 1474675200 -1 1474675200 -1 1474675200 -1 -2
1523059200 -1 1523059200 -1 1523059200 -1 1523059200 -1 1523059200 -1 -2
1368403200 -1 1368403200 -1 1368403200 -1 1368403200 -1 1368403200 -1 -2
1479081600 -1 1479081600 -1 1479081600 -1 1479081600 -1 1479081600 -1 1479081600 -1 -2
1500681600 -1 1500681600 -1 1500681600 -1 1500681600 -1 1500681600 -1 -2
1437350400 -1 1437350400 -1 1437350400 -1 1437350400 -1 1437350400 -1 -2
1411862400 -1 1411862400 -1 1411862400 -1 1411862400 -1 1411862400 -1 1411862400 -1 -2
1478304000 -1 1478304000 -1 1478304000 -1 1478304000 -1 1478304000 -1 1478304000 -1 -2
1243382400 -1 1460937600 -1 1506816000 -1 1508889600 -1 1508889600 -1 -2
1491177600 -1 1491177600 -1 1491177600 -1 1491177600 -1 1491177600 -1 1491177600 -1 -2
1443571200 -1 1443571200 -1 1454976000 -1 1477612800 -1 1477612800 -1 -2
1440115200 -1 1440115200 -1 1440115200 -1 1440115200 -1 1440115200 -1 1440115200 -1 -2
1409184000 -1 1409184000 -1 1409184000 -1 1409184000 -1 1409184000 -1 -2
1226534400 -1 1424995200 -1 1461888000 -1 1464652800 -1 1493164800 -1 -2
1444780800 -1 1444780800 -1 1444780800 -1 1444780800 -1 1444780800 -1 1444780800 -1 -2
1375056000 -1 1375056000 -1 1375056000 -1 1375056000 -1 1375056000 -1 -2
1407974400 -1 1407974400 -1 1407974400 -1 1407974400 -1 1407974400 -1 -2
1459382400 -1 1459382400 -1 1459382400 -1 1459382400 -1 1459900800 -1 1466726400 -1 -2
1406246400 -1 1406246400 -1 1407369600 -1 1414195200 -1 1488153600 -1 -2
1506556800 -1 1506556800 -1 1506556800 -1 1506556800 -1 1506556800 -1 1506556800 -1 -2
1450569600 -1 1451606400 -1 1454112000 -1 1459036800 -1 1459036800 -1 -2
1241740800 -1 1431043200 -1 1431043200 -1 1458345600 -1 1508716800 -1 1508716800 -1 -2
1432252800 -1 1504051200 -1 1504051200 -1 1504051200 -1 1504742400 -1 1504742400 -1 -2
1394236800 -1 1394236800 -1 1394236800 -1 1394236800 -1 1394236800 -1 -2
1379635200 -1 1379635200 -1 1379635200 -1 1379635200 -1 1379635200 -1 -2
1422316800 -1 1422316800 -1 1422316800 -1 1422316800 -1 1422316800 -1 -2
1488067200 -1 1488067200 -1 1488067200 -1 1488067200 -1 1488067200 -1 1488067200 -1 -2
1392163200 -1 1392163200 -1 1392163200 -1 1392163200 -1 1392163200 -1 -2
1472169600 -1 1472169600 -1 1472169600 -1 1472169600 -1 1472169600 -1 1472169600 -1 -2
1479081600 -1 1479081600 -1 1479081600 -1 1479081600 -1 1479081600 -1 1479081600 -1 -2
1453680000 -1 1453680000 -1 1453680000 -1 1453680000 -1 1453680000 -1 1453680000 -1 -2
1384128000 -1 1384128000 -1 1384128000 -1 1384128000 -1 1384128000 -1 -2
1525478400 -1 1525478400 -1 1525478400 -1 1525478400 -1 1525478400 -1 -2
1307491200 -1 1307491200 -1 1307491200 -1 1307491200 -1 1361577600 -1 -2
1452297600 -1 1453939200 -1 1455753600 -1 1457308800 -1 1462492800 -1 1462492800 -1 1475452800 -1 1525219200 -1 -2
1245715200 -1 1367107200 -1 1404259200 -1 1511568000 -1 1511568000 -1 -2
1456444800 -1 1456444800 -1 1497744000 -1 1497744000 -1 1497744000 -1 1497916800 -1 -2
1469404800 -1 1469404800 -1 1469404800 -1 1469404800 -1 1469404800 -1 1469404800 -1 -2
1404777600 -1 1404777600 -1 1404777600 -1 1404777600 -1 1404777600 -1 1404777600 -1 -2
1279843200 -1 1279843200 -1 1279843200 -1 1279843200 -1 1320364800 -1 -2
1425427200 -1 1425427200 -1 1455062400 -1 1455062400 -1 1522627200 -1 -2
1417824000 -1 1417824000 -1 1417824000 -1 1417824000 -1 1417824000 -1 -2
1366156800 -1 1368921600 -1 1382227200 -1 1382227200 -1 1475625600 -1 -2
1440633600 -1 1440633600 -1 1440633600 -1 1440633600 -1 1440633600 -1 -2
1439078400 -1 1439078400 -1 1439078400 -1 1439078400 -1 1439078400 -1 -2
1417651200 -1 1417651200 -1 1417651200 -1 1417651200 -1 1417651200 -1 -2
1484870400 -1 1484870400 -1 1484870400 -1 1484870400 -1 1484870400 -1 -2
1524441600 -1 1524441600 -1 1524441600 -1 1524441600 -1 1524441600 -1 -2
1431302400 -1 1431302400 -1 1431302400 -1 1431302400 -1 1431302400 -1 -2
1424908800 -1 1428796800 -1 1450396800 -1 1496361600 -1 1496361600 -1 -2
1362960000 -1 1362960000 -1 1362960000 -1 1362960000 -1 1362960000 -1 -2
1460505600 -1 1464739200 -1 1464739200 -1 1465344000 -1 1465776000 -1 1471305600 -1 -2
1523318400 -1 1523318400 -1 1523318400 -1 1523318400 -1 1523318400 -1 -2
1496361600 -1 1499731200 -1 1499731200 -1 1499731200 -1 1499731200 -1 1499731200 -1 1499731200 -1 -2
1234483200 -1 1242345600 -1 1247702400 -1 1299801600 -1 1305158400 -1 1430956800 -1 1433116800 -1 1441843200 -1 1441843200 -1 1459814400 -1 1460246400 -1 1470528000 -1 1470528000 -1 1487030400 -1 1504224000 -1 1504224000 -1 1504569600 -1 1506988800 -1 -2
1457222400 -1 1457222400 -1 1457222400 -1 1457222400 -1 1457222400 -1 1457222400 -1 -2
1416528000 -1 1416528000 -1 1416528000 -1 1416528000 -1 1416528000 -1 -2
1464825600 -1 1464825600 -1 1464825600 -1 1464825600 -1 1464825600 -1 1464825600 -1 -2
1357516800 -1 1394236800 -1 1394236800 -1 1394236800 -1 1401494400 -1 1401494400 -1 -2
1523577600 -1 1523577600 -1 1523577600 -1 1523577600 -1 1523577600 -1 -2
1456012800 -1 1456012800 -1 1456012800 -1 1456012800 -1 1456012800 -1 -2
1474934400 -1 1474934400 -1 1474934400 -1 1474934400 -1 1474934400 -1 -2
1367020800 -1 1367020800 -1 1367020800 -1 1367020800 -1 1367020800 -1 -2
1413072000 -1 1469404800 -1 1469404800 -1 1469404800 -1 1469404800 -1 1469404800 -1 1469404800 -1 -2
1426118400 -1 1426118400 -1 1426118400 -1 1426118400 -1 1426118400 -1 -2
1370304000 -1 1370304000 -1 1370304000 -1 1370304000 -1 1370304000 -1 1405296000 -1 1405296000 -1 1405296000 -1 1405296000 -1 1405296000 -1 1488758400 -1 -2
1491955200 -1 1491955200 -1 1491955200 -1 1491955200 -1 1491955200 -1 1491955200 -1 -2
1376784000 -1 1376784000 -1 1376784000 -1 1376784000 -1 1376784000 -1 1376784000 -1 -2
1407110400 -1 1407110400 -1 1407110400 -1 1411603200 -1 1411603200 -1 -2
1465430400 -1 1465430400 -1 1477958400 -1 1478044800 -1 1478044800 -1 1478044800 -1 1505520000 -1 -2
1468454400 -1 1468454400 -1 1468454400 -1 1468454400 -1 1468454400 -1 -2
1401235200 -1 1401235200 -1 1401235200 -1 1401235200 -1 1401235200 -1 1401235200 -1 -2
1377216000 -1 1377216000 -1 1377216000 -1 1377216000 -1 1377216000 -1 -2
1486080000 -1 1486080000 -1 1486080000 -1 1486080000 -1 1486080000 -1 -2
1448755200 -1 1450915200 -1 1451001600 -1 1452038400 -1 1468972800 -1 1485216000 -1 1485216000 -1 1501200000 -1 1501200000 -1 -2
1526169600 -1 1526169600 -1 1526169600 -1 1526169600 -1 1526169600 -1 -2
1442620800 -1 1442620800 -1 1442620800 -1 1442620800 -1 1442620800 -1 -2
1454889600 -1 1454889600 -1 1454889600 -1 1454889600 -1 1454889600 -1 -2
1386633600 -1 1386633600 -1 1388966400 -1 1388966400 -1 1418601600 -1 1468713600 -1 1504396800 -1 -2
1458864000 -1 1458864000 -1 1458864000 -1 1458864000 -1 1458864000 -1 -2
1389484800 -1 1389484800 -1 1389484800 -1 1389484800 -1 1389484800 -1 -2
1461974400 -1 1461974400 -1 1461974400 -1 1461974400 -1 1461974400 -1 1461974400 -1 -2
1409961600 -1 1417392000 -1 1429488000 -1 1440028800 -1 1443052800 -1 1452816000 -1 -2
1453507200 -1 1453507200 -1 1453507200 -1 1453507200 -1 1453507200 -1 1453507200 -1 -2
1367539200 -1 1367539200 -1 1367539200 -1 1367539200 -1 1367539200 -1 -2
1495670400 -1 1495670400 -1 1495670400 -1 1495670400 -1 1495670400 -1 1495670400 -1 -2
1234828800 -1 1366329600 -1 1438819200 -1 1438819200 -1 1459209600 -1 1500768000 -1 1506124800 -1 1529452800 -1 -2
1381363200 -1 1381363200 -1 1381363200 -1 1381363200 -1 1381363200 -1 -2
1423008000 -1 1423008000 -1 1423008000 -1 1423008000 -1 1423008000 -1 -2
1436227200 -1 1439942400 -1 1446163200 -1 1454198400 -1 1461715200 -1 -2
1470096000 -1 1470096000 -1 1503964800 -1 1505001600 -1 1505001600 -1 -2
1418601600 -1 1418601600 -1 1418601600 -1 1418601600 -1 1418601600 -1 -2
1423785600 -1 1423785600 -1 1423785600 -1 1423785600 -1 1423785600 -1 1423785600 -1 -2
1440288000 -1 1440288000 -1 1440288000 -1 1440288000 -1 1440288000 -1 -2
1479081600 -1 1479081600 -1 1479081600 -1 1479081600 -1 1479081600 -1 1479081600 -1 -2
1482710400 -1 1482710400 -1 1482710400 -1 1482710400 -1 1482710400 -1 1482710400 -1 -2
1455235200 -1 1455235200 -1 1455235200 -1 1455235200 -1 1455235200 -1 -2
1456099200 -1 1457049600 -1 1457049600 -1 1459728000 -1 1459900800 -1 1461024000 -1 1462320000 -1 1463011200 -1 1463011200 -1 1469836800 -1 1469836800 -1 1473120000 -1 -2
1453680000 -1 1453680000 -1 1453680000 -1 1453680000 -1 1453680000 -1 -2
1403481600 -1 1403481600 -1 1403481600 -1 1403481600 -1 1403481600 -1 -2
1504137600 -1 1504137600 -1 1504137600 -1 1504396800 -1 1504396800 -1 -2
1466208000 -1 1466208000 -1 1468540800 -1 1471478400 -1 1475884800 -1 1476403200 -1 -2
1447200000 -1 1447200000 -1 1447200000 -1 1447200000 -1 1447200000 -1 1447200000 -1 -2
1387411200 -1 1387411200 -1 1387411200 -1 1387411200 -1 1387411200 -1 -2
1448236800 -1 1459123200 -1 1460419200 -1 1460419200 -1 1465257600 -1 1469404800 -1 -2
1344211200 -1 1344211200 -1 1344211200 -1 1344211200 -1 1344211200 -1 1344211200 -1 -2
1523491200 -1 1523491200 -1 1523491200 -1 1523491200 -1 1523491200 -1 -2
1435363200 -1 1435363200 -1 1435363200 -1 1435363200 -1 1435363200 -1 1435363200 -1 -2
1444435200 -1 1452211200 -1 1456704000 -1 1460592000 -1 1474675200 -1 1491004800 -1 -2
1467590400 -1 1467590400 -1 1467590400 -1 1467590400 -1 1467590400 -1 -2
1488240000 -1 1488240000 -1 1488240000 -1 1488240000 -1 1488240000 -1 -2
1477353600 -1 1477353600 -1 1477353600 -1 1477353600 -1 1477353600 -1 1477353600 -1 -2
1458000000 -1 1458000000 -1 1461888000 -1 1492992000 -1 1496966400 -1 1515369600 -1 -2
1459728000 -1 1459728000 -1 1459728000 -1 1459728000 -1 1459728000 -1 -2
1405036800 -1 1407110400 -1 1407110400 -1 1465862400 -1 1477958400 -1 -2
1448150400 -1 1448150400 -1 1448150400 -1 1448150400 -1 1463702400 -1 -2
1461024000 -1 1461024000 -1 1461024000 -1 1461024000 -1 1461024000 -1 -2
1455926400 -1 1455926400 -1 1455926400 -1 1455926400 -1 1455926400 -1 -2
1523059200 -1 1523059200 -1 1523059200 -1 1523059200 -1 1523059200 -1 -2
1435536000 -1 1435536000 -1 1435536000 -1 1435536000 -1 1435536000 -1 -2
1468800000 -1 1469059200 -1 1470268800 -1 1473292800 -1 1474070400 -1 -2
1485820800 -1 1485820800 -1 1485820800 -1 1485820800 -1 1485820800 -1 1485820800 -1 -2
1430611200 -1 1437696000 -1 1437782400 -1 1439683200 -1 1472256000 -1 -2
1416614400 -1 1418428800 -1 1424995200 -1 1430352000 -1 1455753600 -1 -2
1491350400 -1 1491350400 -1 1491350400 -1 1491350400 -1 1491350400 -1 1491350400 -1 -2
1456617600 -1 1499731200 -1 1502841600 -1 1511827200 -1 1511827200 -1 -2
1425945600 -1 1431561600 -1 1433721600 -1 1435363200 -1 1436054400 -1 -2
1377993600 -1 1377993600 -1 1377993600 -1 1377993600 -1 1377993600 -1 -2
1416528000 -1 1416528000 -1 1416528000 -1 1416528000 -1 1416528000 -1 1416528000 -1 -2
1439337600 -1 1442275200 -1 1448236800 -1 1455667200 -1 1455840000 -1 1462924800 -1 -2
1475452800 -1 1475452800 -1 1475452800 -1 1475452800 -1 1475452800 -1 1475452800 -1 -2
1406764800 -1 1406764800 -1 1406764800 -1 1406764800 -1 1406764800 -1 1406764800 -1 -2
1490227200 -1 1490227200 -1 1490227200 -1 1490227200 -1 1490227200 -1 -2
1432512000 -1 1432512000 -1 1432512000 -1 1432512000 -1 1432512000 -1 -2
1461196800 -1 1461196800 -1 1461196800 -1 1461196800 -1 1461196800 -1 1461196800 -1 -2
1505692800 -1 1505692800 -1 1505692800 -1 1505692800 -1 1505692800 -1 1505692800 -1 -2
1481500800 -1 1481500800 -1 1481500800 -1 1481500800 -1 1481500800 -1 -2
1432771200 -1 1432771200 -1 1432771200 -1 1432771200 -1 1432771200 -1 1432771200 -1 -2
1456876800 -1 1456876800 -1 1456876800 -1 1456876800 -1 1456876800 -1 -2
1250726400 -1 1250726400 -1 1250726400 -1 1250726400 -1 1250726400 -1 1250726400 -1 -2
1478044800 -1 1478044800 -1 1478044800 -1 1478044800 -1 1478044800 -1 -2
1525564800 -1 1525564800 -1 1525564800 -1 1525564800 -1 1525564800 -1 -2
1421020800 -1 1421020800 -1 1421020800 -1 1421020800 -1 1421020800 -1 1421020800 -1 -2
1410134400 -1 1410134400 -1 1410134400 -1 1434326400 -1 1473120000 -1 -2
1447113600 -1 1447113600 -1 1447113600 -1 1447113600 -1 1447113600 -1 1447113600 -1 -2
1365292800 -1 1382054400 -1 1443139200 -1 1445990400 -1 1505088000 -1 1515542400 -1 -2
1487116800 -1 1487116800 -1 1487116800 -1 1487116800 -1 1487116800 -1 1487116800 -1 -2
1425945600 -1 1441065600 -1 1441065600 -1 1458864000 -1 1458864000 -1 1458864000 -1 -2
1433635200 -1 1505174400 -1 1505174400 -1 1505174400 -1 1505174400 -1 1505174400 -1 1505174400 -1 -2
1382832000 -1 1382832000 -1 1382832000 -1 1382832000 -1 1382832000 -1 1382832000 -1 -2
1453593600 -1 1453593600 -1 1453593600 -1 1453593600 -1 1453593600 -1 1453593600 -1 -2
1095724800 -1 1119916800 -1 1156291200 -1 1169337600 -1 1464912000 -1 1467849600 -1 1506038400 -1 1508284800 -1 1508284800 -1 -2
1375056000 -1 1375056000 -1 1375056000 -1 1375056000 -1 1375056000 -1 -2
1483574400 -1 1483574400 -1 1483574400 -1 1483574400 -1 1483574400 -1 1483574400 -1 -2
1365292800 -1 1447718400 -1 1505779200 -1 1505952000 -1 1505952000 -1 -2
1418256000 -1 1418256000 -1 1418256000 -1 1418256000 -1 1418256000 -1 -2
1479945600 -1 1479945600 -1 1479945600 -1 1479945600 -1 1479945600 -1 1479945600 -1 -2
1466640000 -1 1466640000 -1 1466640000 -1 1466640000 -1 1466640000 -1 1466640000 -1 -2
1389398400 -1 1392508800 -1 1392508800 -1 1429056000 -1 1429056000 -1 -2
1420243200 -1 1420243200 -1 1420243200 -1 1420243200 -1 1420243200 -1 1420243200 -1 -2
1414800000 -1 1414800000 -1 1414800000 -1 1414800000 -1 1414800000 -1 1414800000 -1 -2
1343433600 -1 1343433600 -1 1343433600 -1 1343433600 -1 1343433600 -1 1343433600 -1 1524528000 -1 -2
1396828800 -1 1396828800 -1 1396828800 -1 1396828800 -1 1396828800 -1 -2
1523491200 -1 1523491200 -1 1523491200 -1 1523491200 -1 1523491200 -1 -2
1215648000 -1 1407715200 -1 1421971200 -1 1425340800 -1 1425340800 -1 1425340800 -1 1425772800 -1 1500681600 -1 -2
1432166400 -1 1432166400 -1 1432166400 -1 1432166400 -1 1432166400 -1 1432166400 -1 -2
1386201600 -1 1386201600 -1 1386201600 -1 1386201600 -1 1386201600 -1 -2
1470960000 -1 1470960000 -1 1470960000 -1 1470960000 -1 1470960000 -1 1470960000 -1 -2
1373587200 -1 1373587200 -1 1373587200 -1 1373587200 -1 1373587200 -1 -2
1462406400 -1 1462406400 -1 1462406400 -1 1462406400 -1 1462406400 -1 1462406400 -1 -2
1478908800 -1 1478908800 -1 1478908800 -1 1478908800 -1 1478908800 -1 -2
1437177600 -1 1437177600 -1 1437177600 -1 1437177600 -1 1437177600 -1 1437177600 -1 -2
1403481600 -1 1403481600 -1 1403481600 -1 1403481600 -1 1403481600 -1 -2
1338249600 -1 1338249600 -1 1407628800 -1 1408320000 -1 1425600000 -1 1500508800 -1 1504310400 -1 1504310400 -1 1504742400 -1 1504742400 -1 -2
1396396800 -1 1396396800 -1 1396396800 -1 1396396800 -1 1396396800 -1 -2
1424390400 -1 1424390400 -1 1424390400 -1 1424390400 -1 1424390400 -1 1424390400 -1 -2
1458864000 -1 1458864000 -1 1458864000 -1 1458864000 -1 1458864000 -1 -2
1384214400 -1 1384214400 -1 1384214400 -1 1384214400 -1 1384214400 -1 -2
1451347200 -1 1451347200 -1 1451347200 -1 1451347200 -1 1451347200 -1 -2
1427587200 -1 1427587200 -1 1427587200 -1 1427587200 -1 1427587200 -1 1427587200 -1 1500076800 -1 -2
1379635200 -1 1379635200 -1 1379635200 -1 1379635200 -1 1379635200 -1 1379635200 -1 -2
1524614400 -1 1524614400 -1 1524614400 -1 1524614400 -1 1524614400 -1 1524614400 -1 -2
1365033600 -1 1365033600 -1 1365033600 -1 1365033600 -1 1365033600 -1 -2
1438646400 -1 1438646400 -1 1438646400 -1 1438646400 -1 1438646400 -1 -2
1486252800 -1 1486252800 -1 1486252800 -1 1486252800 -1 1486252800 -1 -2
1425686400 -1 1425686400 -1 1425686400 -1 1425686400 -1 1425686400 -1 1425686400 -1 -2
1428883200 -1 1461628800 -1 1463875200 -1 1470873600 -1 1536796800 -1 -2
1361059200 -1 1361059200 -1 1361059200 -1 1361059200 -1 1361059200 -1 -2
1420329600 -1 1420329600 -1 1504224000 -1 1504224000 -1 1505520000 -1 1505520000 -1 -2
1196467200 -1 1196467200 -1 1368316800 -1 1380758400 -1 1382832000 -1 1422403200 -1 1445644800 -1 1451952000 -1 1455926400 -1 1456963200 -1 1458086400 -1 -2
1406764800 -1 1406764800 -1 1406764800 -1 1406764800 -1 1406764800 -1 1406764800 -1 -2
1394668800 -1 1394668800 -1 1394668800 -1 1394668800 -1 1394668800 -1 -2
1464652800 -1 1464652800 -1 1464652800 -1 1464652800 -1 1464652800 -1 1464652800 -1 -2
1460505600 -1 1462060800 -1 1465862400 -1 1472688000 -1 1473206400 -1 1494633600 -1 -2
1410652800 -1 1410652800 -1 1410652800 -1 1410652800 -1 1410652800 -1 -2
1188777600 -1 1411862400 -1 1411862400 -1 1424908800 -1 1424908800 -1 -2
1515196800 -1 1515196800 -1 1515196800 -1 1515196800 -1 1515196800 -1 -2
1484438400 -1 1484438400 -1 1484438400 -1 1484438400 -1 1484438400 -1 1484438400 -1 -2
1459468800 -1 1460246400 -1 1460764800 -1 1460937600 -1 1475193600 -1 -2
1373587200 -1 1373587200 -1 1373587200 -1 1373587200 -1 1373587200 -1 -2
1456272000 -1 1456358400 -1 1456704000 -1 1456704000 -1 1456704000 -1 -2
1471219200 -1 1471219200 -1 1471219200 -1 1471219200 -1 1471219200 -1 1471219200 -1 -2
1432684800 -1 1432684800 -1 1432684800 -1 1432684800 -1 1432684800 -1 1432684800 -1 1432684800 -1 -2
1424736000 -1 1427500800 -1 1432684800 -1 1432684800 -1 1460419200 -1 1477267200 -1 -2
1429401600 -1 1429401600 -1 1429401600 -1 1429401600 -1 1429401600 -1 -2
1388534400 -1 1388534400 -1 1388534400 -1 1388534400 -1 1405987200 -1 1405987200 -1 -2
1421020800 -1 1421020800 -1 1421020800 -1 1421020800 -1 1421020800 -1 -2
1468627200 -1 1468627200 -1 1468627200 -1 1468627200 -1 1468627200 -1 -2
1457654400 -1 1457654400 -1 1457654400 -1 1457654400 -1 1457654400 -1 -2
1461628800 -1 1461628800 -1 1461628800 -1 1461628800 -1 1461628800 -1 1461628800 -1 -2
1420329600 -1 1420329600 -1 1420329600 -1 1420329600 -1 1420329600 -1 1420329600 -1 -2
1377734400 -1 1377734400 -1 1377734400 -1 1377734400 -1 1377734400 -1 -2
1489017600 -1 1489017600 -1 1489017600 -1 1489017600 -1 1489017600 -1 -2
1443744000 -1 1443744000 -1 1443744000 -1 1443744000 -1 1443744000 -1 1466035200 -1 -2
1484265600 -1 1484265600 -1 1484265600 -1 1484265600 -1 1484265600 -1 -2
1452038400 -1 1452038400 -1 1452038400 -1 1452038400 -1 1452038400 -1 1452038400 -1 -2
1375747200 -1 1375747200 -1 1375747200 -1 1375747200 -1 1375747200 -1 1375747200 -1 -2
1472083200 -1 1476921600 -1 1477699200 -1 1478476800 -1 1479081600 -1 1479168000 -1 1481500800 -1 1483401600 -1 1483488000 -1 -2
1451779200 -1 1451779200 -1 1451779200 -1 1451779200 -1 1451779200 -1 -2
1485043200 -1 1485043200 -1 1485043200 -1 1485043200 -1 1485043200 -1 1485043200 -1 -2
1326412800 -1 1327622400 -1 1327622400 -1 1339200000 -1 1339200000 -1 -2
1176595200 -1 1176595200 -1 1332633600 -1 1353628800 -1 1383436800 -1 1490054400 -1 1503705600 -1 1504310400 -1 -2
1189814400 -1 1385424000 -1 1410220800 -1 1420070400 -1 1439856000 -1 1447891200 -1 1454889600 -1 1500768000 -1 1504828800 -1 1506643200 -1 1506643200 -1 -2
1429574400 -1 1429574400 -1 1429574400 -1 1429574400 -1 1429574400 -1 1429574400 -1 -2
1387497600 -1 1387497600 -1 1387497600 -1 1387497600 -1 1387497600 -1 1387497600 -1 -2
1457222400 -1 1457222400 -1 1457222400 -1 1457222400 -1 1457222400 -1 1457222400 -1 -2
1484956800 -1 1484956800 -1 1486944000 -1 1496102400 -1 1496102400 -1 -2
1524873600 -1 1524873600 -1 1524873600 -1 1524873600 -1 1524873600 -1 -2
1468454400 -1 1468454400 -1 1468454400 -1 1468454400 -1 1468454400 -1 1468454400 -1 -2
1434240000 -1 1434240000 -1 1434240000 -1 1434240000 -1 1434240000 -1 -2
1382054400 -1 1382054400 -1 1382054400 -1 1382054400 -1 1382054400 -1 -2
1367971200 -1 1367971200 -1 1367971200 -1 1367971200 -1 1367971200 -1 -2
1420934400 -1 1420934400 -1 1420934400 -1 1420934400 -1 1420934400 -1 1427241600 -1 -2
1421020800 -1 1421020800 -1 1421020800 -1 1421020800 -1 1426291200 -1 -2
1447891200 -1 1458172800 -1 1464825600 -1 1478304000 -1 1478649600 -1 -2
1437868800 -1 1437868800 -1 1442102400 -1 1446336000 -1 1450742400 -1 -2
1445385600 -1 1445385600 -1 1445385600 -1 1445385600 -1 1445385600 -1 1445385600 -1 -2
1392681600 -1 1392681600 -1 1392681600 -1 1392681600 -1 1392681600 -1 -2
1461974400 -1 1461974400 -1 1461974400 -1 1461974400 -1 1461974400 -1 -2
1454889600 -1 1454889600 -1 1466380800 -1 1481328000 -1 1481587200 -1 -2
1461888000 -1 1461888000 -1 1461888000 -1 1461888000 -1 1461888000 -1 1461888000 -1 -2
1404345600 -1 1404345600 -1 1404345600 -1 1404345600 -1 1404345600 -1 -2
1396656000 -1 1396656000 -1 1396656000 -1 1396656000 -1 1396656000 -1 -2
1376006400 -1 1376006400 -1 1376006400 -1 1376006400 -1 1376006400 -1 -2
1431993600 -1 1431993600 -1 1431993600 -1 1431993600 -1 1431993600 -1 1431993600 -1 -2
1434758400 -1 1434758400 -1 1434758400 -1 1434758400 -1 1434758400 -1 1434758400 -1 -2
1430265600 -1 1430265600 -1 1430265600 -1 1430265600 -1 1430265600 -1 -2
1362268800 -1 1362268800 -1 1362268800 -1 1362268800 -1 1362268800 -1 -2
1416960000 -1 1416960000 -1 1416960000 -1 1416960000 -1 1416960000 -1 -2
1440028800 -1 1440028800 -1 1440028800 -1 1440028800 -1 1440028800 -1 -2
1384300800 -1 1384300800 -1 1384300800 -1 1384300800 -1 1384300800 -1 -2
1422921600 -1 1425340800 -1 1426032000 -1 1431129600 -1 1451865600 -1 -2
1358380800 -1 1415836800 -1 1459555200 -1 1499644800 -1 1499644800 -1 -2
1397606400 -1 1444262400 -1 1444262400 -1 1444262400 -1 1444262400 -1 1444262400 -1 -2
1438905600 -1 1438905600 -1 1438905600 -1 1438905600 -1 1438905600 -1 1438905600 -1 -2
1445040000 -1 1445040000 -1 1445040000 -1 1445040000 -1 1445040000 -1 1445040000 -1 -2
1513296000 -1 1513296000 -1 1513296000 -1 1513296000 -1 1513296000 -1 -2
1239840000 -1 1444348800 -1 1447632000 -1 1452124800 -1 1504656000 -1 1504656000 -1 -2
1378425600 -1 1378425600 -1 1378425600 -1 1378425600 -1 1378425600 -1 -2
1427068800 -1 1427328000 -1 1444089600 -1 1466380800 -1 1466640000 -1 1466640000 -1 -2
1345766400 -1 1345766400 -1 1345766400 -1 1345766400 -1 1345766400 -1 1345766400 -1 -2
1409011200 -1 1409011200 -1 1483660800 -1 1484006400 -1 1484438400 -1 1496707200 -1 -2
1424390400 -1 1424390400 -1 1424390400 -1 1424390400 -1 1424390400 -1 1424390400 -1 -2
1367452800 -1 1378339200 -1 1378339200 -1 1405641600 -1 1422748800 -1 1432598400 -1 -2
1374192000 -1 1442275200 -1 1505088000 -1 1505088000 -1 1505865600 -1 -2
1437868800 -1 1438646400 -1 1438646400 -1 1438646400 -1 1438646400 -1 1438646400 -1 1438646400 -1 1445817600 -1 -2
1426636800 -1 1426636800 -1 1426636800 -1 1426636800 -1 1426636800 -1 1426636800 -1 -2
1469491200 -1 1469491200 -1 1469491200 -1 1469491200 -1 1469491200 -1 1469491200 -1 -2
1386028800 -1 1386028800 -1 1386028800 -1 1386028800 -1 1386028800 -1 -2
1464393600 -1 1464393600 -1 1464393600 -1 1464393600 -1 1464393600 -1 -2
1460332800 -1 1460332800 -1 1460332800 -1 1460332800 -1 1460332800 -1 1460332800 -1 -2
1148083200 -1 1148083200 -1 1162771200 -1 1168819200 -1 1197936000 -1 1231286400 -1 1231286400 -1 1239840000 -1 1418515200 -1 1418515200 -1 1443916800 -1 -2
1370476800 -1 1370476800 -1 1370476800 -1 1370476800 -1 1370476800 -1 -2
1468195200 -1 1468195200 -1 1468195200 -1 1468195200 -1 1468195200 -1 -2
1370476800 -1 1370476800 -1 1370476800 -1 1370476800 -1 1370476800 -1 -2
1460419200 -1 1460419200 -1 1460419200 -1 1460419200 -1 1460419200 -1 -2
1370563200 -1 1370563200 -1 1370563200 -1 1370563200 -1 1370563200 -1 -2
1395014400 -1 1395014400 -1 1395014400 -1 1395014400 -1 1395014400 -1 -2
1454025600 -1 1454025600 -1 1454025600 -1 1454025600 -1 1454025600 -1 -2
1519776000 -1 1519776000 -1 1519776000 -1 1519776000 -1 1519776000 -1 -2
1433030400 -1 1433030400 -1 1433030400 -1 1433030400 -1 1468713600 -1 -2
1397433600 -1 1397433600 -1 1397433600 -1 1397433600 -1 1397433600 -1 1462147200 -1 -2
1473638400 -1 1477526400 -1 1477526400 -1 1477526400 -1 1477526400 -1 1484870400 -1 1484870400 -1 1484870400 -1 -2
1453593600 -1 1453593600 -1 1453593600 -1 1453593600 -1 1453593600 -1 1453593600 -1 -2
1349740800 -1 1433030400 -1 1435536000 -1 1468886400 -1 1487030400 -1 1503878400 -1 1505088000 -1 1505088000 -1 1506038400 -1 -2
1463270400 -1 1463270400 -1 1463270400 -1 1463270400 -1 1463270400 -1 1463270400 -1 -2
1489968000 -1 1489968000 -1 1489968000 -1 1489968000 -1 1489968000 -1 -2
1431561600 -1 1431561600 -1 1431561600 -1 1431561600 -1 1431561600 -1 -2
1524355200 -1 1524355200 -1 1524355200 -1 1524355200 -1 1524355200 -1 1524355200 -1 1524355200 -1 1524355200 -1 1524355200 -1 1524355200 -1 -2
1479427200 -1 1479427200 -1 1479427200 -1 1479427200 -1 1479427200 -1 1479427200 -1 -2
1502409600 -1 1502409600 -1 1502409600 -1 1502409600 -1 1502409600 -1 -2
1454544000 -1 1454544000 -1 1454544000 -1 1454544000 -1 1454544000 -1 1454544000 -1 -2
1421798400 -1 1445126400 -1 1450310400 -1 1450310400 -1 1450310400 -1 -2
1525651200 -1 1525651200 -1 1525651200 -1 1525651200 -1 1525651200 -1 -2
1429833600 -1 1429833600 -1 1429833600 -1 1429833600 -1 1429833600 -1 1429833600 -1 -2
1388102400 -1 1388102400 -1 1405900800 -1 1405900800 -1 1438300800 -1 -2
1456012800 -1 1456012800 -1 1456012800 -1 1456012800 -1 1456012800 -1 1456012800 -1 1456012800 -1 -2
1424649600 -1 1424649600 -1 1424649600 -1 1424649600 -1 1424649600 -1 -2
1374192000 -1 1374192000 -1 1374192000 -1 1374192000 -1 1374192000 -1 -2
1407542400 -1 1407542400 -1 1407542400 -1 1407542400 -1 1407542400 -1 -2
1517356800 -1 1517356800 -1 1517356800 -1 1517356800 -1 1517356800 -1 1517356800 -1 -2
1389830400 -1 1389830400 -1 1389830400 -1 1389830400 -1 1389830400 -1 1389830400 -1 -2
1504483200 -1 1504483200 -1 1504483200 -1 1504483200 -1 1504483200 -1 -2
1453766400 -1 1453766400 -1 1453766400 -1 1453766400 -1 1453766400 -1 -2
1438473600 -1 1459900800 -1 1482710400 -1 1482710400 -1 1482710400 -1 -2
1435536000 -1 1435622400 -1 1437091200 -1 1438646400 -1 1450310400 -1 1457654400 -1 -2
1512432000 -1 1512432000 -1 1512432000 -1 1512432000 -1 1512432000 -1 1512432000 -1 -2
1459296000 -1 1459296000 -1 1459296000 -1 1461196800 -1 1474156800 -1 1475193600 -1 1475193600 -1 1475712000 -1 1475712000 -1 1475712000 -1 -2
1492992000 -1 1492992000 -1 1492992000 -1 1492992000 -1 1492992000 -1 1492992000 -1 -2
1261353600 -1 1393718400 -1 1408147200 -1 1412380800 -1 1429142400 -1 1501286400 -1 1504137600 -1 1504137600 -1 1506729600 -1 1506729600 -1 1516579200 -1 -2
1481155200 -1 1481155200 -1 1481155200 -1 1481155200 -1 1481155200 -1 1481155200 -1 -2
1523404800 -1 1523404800 -1 1523404800 -1 1523404800 -1 1523404800 -1 -2
1391731200 -1 1391731200 -1 1391731200 -1 1391731200 -1 1391731200 -1 -2
1496102400 -1 1496102400 -1 1496102400 -1 1496102400 -1 1496102400 -1 1496102400 -1 -2
1464048000 -1 1464048000 -1 1464048000 -1 1464048000 -1 1464048000 -1 1464048000 -1 -2
1518393600 -1 1518393600 -1 1518393600 -1 1518393600 -1 1518393600 -1 1518393600 -1 -2
1471564800 -1 1471564800 -1 1471564800 -1 1471564800 -1 1471564800 -1 -2
1484784000 -1 1484784000 -1 1484784000 -1 1484784000 -1 1484784000 -1 1484784000 -1 -2
1437177600 -1 1437177600 -1 1437177600 -1 1437177600 -1 1437177600 -1 -2
1451433600 -1 1451433600 -1 1453248000 -1 1454198400 -1 1454198400 -1 1454198400 -1 1454198400 -1 1482019200 -1 1482019200 -1 1482019200 -1 -2
1467763200 -1 1468022400 -1 1468368000 -1 1468368000 -1 1468972800 -1 -2
1458172800 -1 1458172800 -1 1458172800 -1 1458172800 -1 1458172800 -1 -2
1394409600 -1 1394409600 -1 1394409600 -1 1394409600 -1 1394409600 -1 -2
1444780800 -1 1459555200 -1 1460937600 -1 1462147200 -1 1467244800 -1 1508457600 -1 1512345600 -1 -2
1347840000 -1 1347840000 -1 1347840000 -1 1347840000 -1 1347840000 -1 1347840000 -1 -2
1393286400 -1 1393286400 -1 1393286400 -1 1393286400 -1 1393286400 -1 -2
1453075200 -1 1453075200 -1 1453075200 -1 1453075200 -1 1453075200 -1 -2
1446854400 -1 1446854400 -1 1446854400 -1 1446854400 -1 1456185600 -1 -2
1412640000 -1 1412640000 -1 1412640000 -1 1412640000 -1 1412640000 -1 -2
1454284800 -1 1484438400 -1 1484438400 -1 1484438400 -1 1484438400 -1 1484438400 -1 1485129600 -1 -2
1439856000 -1 1439856000 -1 1491868800 -1 1505347200 -1 1505347200 -1 1529712000 -1 -2
1425427200 -1 1425427200 -1 1425427200 -1 1425427200 -1 1425427200 -1 -2
1468886400 -1 1468886400 -1 1468886400 -1 1468886400 -1 1468886400 -1 -2
1408406400 -1 1408406400 -1 1408406400 -1 1408406400 -1 1408406400 -1 -2
1484524800 -1 1484524800 -1 1484524800 -1 1484524800 -1 1484524800 -1 -2
1426032000 -1 1426032000 -1 1426032000 -1 1426032000 -1 1426032000 -1 1426032000 -1 -2
1437264000 -1 1452816000 -1 1477094400 -1 1509321600 -1 1520208000 -1 -2
1361145600 -1 1361145600 -1 1361145600 -1 1361145600 -1 1361145600 -1 -2
1372982400 -1 1372982400 -1 1372982400 -1 1372982400 -1 1372982400 -1 -2
1407024000 -1 1407024000 -1 1407024000 -1 1407024000 -1 1407024000 -1 1468368000 -1 -2
1411689600 -1 1411689600 -1 1430438400 -1 1496188800 -1 1507852800 -1 -2
1386806400 -1 1386806400 -1 1386806400 -1 1386806400 -1 1386806400 -1 -2
1496966400 -1 1496966400 -1 1496966400 -1 1496966400 -1 1496966400 -1 -2
1523059200 -1 1523059200 -1 1523059200 -1 1523059200 -1 1523059200 -1 -2
1414800000 -1 1418947200 -1 1452816000 -1 1458432000 -1 1459900800 -1 1462406400 -1 1462579200 -1 1479340800 -1 -2
1410393600 -1 1410393600 -1 1410393600 -1 1410393600 -1 1410393600 -1 1410393600 -1 -2
1447113600 -1 1447113600 -1 1447113600 -1 1447113600 -1 1447113600 -1 1447113600 -1 -2
1423267200 -1 1423267200 -1 1423267200 -1 1423267200 -1 1423267200 -1 1423267200 -1 1442448000 -1 -2
1445644800 -1 1445644800 -1 1445644800 -1 1445644800 -1 1445644800 -1 1445644800 -1 -2
1376870400 -1 1376870400 -1 1376870400 -1 1376870400 -1 1376870400 -1 -2
1434412800 -1 1441238400 -1 1455321600 -1 1467331200 -1 1468713600 -1 -2
1448841600 -1 1449187200 -1 1449878400 -1 1455580800 -1 1462406400 -1 1485216000 -1 -2
1456012800 -1 1456012800 -1 1456012800 -1 1456012800 -1 1456012800 -1 -2
1424908800 -1 1424908800 -1 1424908800 -1 1424908800 -1 1424908800 -1 -2
1414195200 -1 1414195200 -1 1414195200 -1 1414195200 -1 1414195200 -1 1414195200 -1 -2
1470700800 -1 1470700800 -1 1470700800 -1 1470700800 -1 1470700800 -1 1470700800 -1 -2
1456358400 -1 1456358400 -1 1456358400 -1 1456358400 -1 1456358400 -1 1456358400 -1 -2
1098057600 -1 1233273600 -1 1324166400 -1 1441152000 -1 1503619200 -1 1504224000 -1 1504224000 -1 -2
1349740800 -1 1349740800 -1 1349740800 -1 1349740800 -1 1349740800 -1 1349740800 -1 -2
1249257600 -1 1249257600 -1 1249257600 -1 1249257600 -1 1249257600 -1 1249257600 -1 -2
1482192000 -1 1482192000 -1 1482192000 -1 1482192000 -1 1482192000 -1 -2
1382745600 -1 1382745600 -1 1382745600 -1 1382745600 -1 1382745600 -1 1382745600 -1 -2
1380499200 -1 1380499200 -1 1437868800 -1 1437868800 -1 1437868800 -1 -2
1408406400 -1 1408406400 -1 1408406400 -1 1408406400 -1 1408406400 -1 -2
1445990400 -1 1445990400 -1 1445990400 -1 1445990400 -1 1445990400 -1 -2
1514246400 -1 1514246400 -1 1514246400 -1 1514246400 -1 1514246400 -1 1514246400 -1 -2
1435622400 -1 1437264000 -1 1437264000 -1 1437264000 -1 1440201600 -1 1443484800 -1 1443484800 -1 1443484800 -1 1443484800 -1 1443484800 -1 1452988800 -1 1452988800 -1 1505347200 -1 -2
1354492800 -1 1354492800 -1 1354492800 -1 1354492800 -1 1354492800 -1 1354492800 -1 -2
1438732800 -1 1439251200 -1 1444089600 -1 1445558400 -1 1451347200 -1 1453852800 -1 -2
1364947200 -1 1364947200 -1 1364947200 -1 1364947200 -1 1364947200 -1 -2
1297382400 -1 1297382400 -1 1297382400 -1 1297382400 -1 1451606400 -1 1451606400 -1 -2
1458000000 -1 1458000000 -1 1458000000 -1 1458000000 -1 1458000000 -1 1458000000 -1 -2
1452902400 -1 1452902400 -1 1452902400 -1 1452902400 -1 1452902400 -1 1452902400 -1 -2
1526083200 -1 1526083200 -1 1526083200 -1 1526083200 -1 1526083200 -1 -2
1479600000 -1 1479600000 -1 1479600000 -1 1479600000 -1 1479600000 -1 1479600000 -1 -2
1418860800 -1 1418860800 -1 1418860800 -1 1418860800 -1 1418860800 -1 -2
1438300800 -1 1438300800 -1 1438300800 -1 1438300800 -1 1438300800 -1 -2
1432339200 -1 1433462400 -1 1434758400 -1 1439510400 -1 1443312000 -1 1453507200 -1 1462579200 -1 -2
1460764800 -1 1465344000 -1 1470700800 -1 1485043200 -1 1527724800 -1 -2
1434412800 -1 1435449600 -1 1438905600 -1 1440374400 -1 1444089600 -1 1484784000 -1 1505088000 -1 1505088000 -1 1506384000 -1 1506643200 -1 1506643200 -1 -2
1462838400 -1 1470355200 -1 1470355200 -1 1470355200 -1 1470355200 -1 1470355200 -1 1510617600 -1 -2
1470873600 -1 1470873600 -1 1471737600 -1 1471737600 -1 1471737600 -1 -2
1419379200 -1 1419379200 -1 1419379200 -1 1419379200 -1 1419379200 -1 1419379200 -1 -2
1354147200 -1 1356220800 -1 1356220800 -1 1356220800 -1 1414108800 -1 -2
1468281600 -1 1468281600 -1 1468281600 -1 1468281600 -1 1468281600 -1 1468281600 -1 -2
1427155200 -1 1427155200 -1 1427155200 -1 1427155200 -1 1427155200 -1 1427155200 -1 -2
1412208000 -1 1460332800 -1 1460332800 -1 1475539200 -1 1493078400 -1 -2
1393804800 -1 1393804800 -1 1393804800 -1 1393804800 -1 1393804800 -1 -2
1388016000 -1 1388016000 -1 1388016000 -1 1388016000 -1 1388016000 -1 -2
1426118400 -1 1464220800 -1 1464220800 -1 1464220800 -1 1476835200 -1 -2
1393632000 -1 1402963200 -1 1424390400 -1 1504569600 -1 1504569600 -1 1530316800 -1 -2
1416528000 -1 1416528000 -1 1416528000 -1 1416528000 -1 1416528000 -1 1416528000 -1 -2
1488672000 -1 1488672000 -1 1488672000 -1 1488672000 -1 1488672000 -1 1488672000 -1 -2
1447891200 -1 1447891200 -1 1447891200 -1 1447891200 -1 1447891200 -1 1447891200 -1 -2
1447200000 -1 1456531200 -1 1459814400 -1 1459814400 -1 1459814400 -1 1478044800 -1 -2
1409616000 -1 1409616000 -1 1441843200 -1 1457740800 -1 1474675200 -1 -2
1478131200 -1 1478131200 -1 1478131200 -1 1478131200 -1 1478131200 -1 1514419200 -1 -2
1447372800 -1 1447372800 -1 1447372800 -1 1447372800 -1 1447372800 -1 -2
1458691200 -1 1461628800 -1 1461974400 -1 1461974400 -1 1472515200 -1 1519689600 -1 -2
1404864000 -1 1404864000 -1 1404864000 -1 1404864000 -1 1404864000 -1 -2
1387324800 -1 1387324800 -1 1387324800 -1 1387324800 -1 1387324800 -1 -2
1501113600 -1 1501113600 -1 1501113600 -1 1501113600 -1 1501113600 -1 -2
1464912000 -1 1464912000 -1 1464912000 -1 1464912000 -1 1464912000 -1 1464912000 -1 -2
1466467200 -1 1466467200 -1 1466467200 -1 1466467200 -1 1466467200 -1 -2
1433462400 -1 1433462400 -1 1433462400 -1 1433462400 -1 1433462400 -1 1433462400 -1 -2
1435190400 -1 1436313600 -1 1456617600 -1 1456617600 -1 1456617600 -1 -2
1442275200 -1 1442275200 -1 1442275200 -1 1442275200 -1 1442275200 -1 1442275200 -1 -2
1355875200 -1 1355875200 -1 1355875200 -1 1355875200 -1 1355875200 -1 -2
1414368000 -1 1432684800 -1 1432684800 -1 1464825600 -1 1504656000 -1 1504656000 -1 -2
1464393600 -1 1464393600 -1 1464393600 -1 1464393600 -1 1464393600 -1 -2
1380153600 -1 1380153600 -1 1380153600 -1 1380153600 -1 1380153600 -1 -2
1466467200 -1 1474675200 -1 1474675200 -1 1476144000 -1 1476144000 -1 -2
1362873600 -1 1369526400 -1 1464048000 -1 1466035200 -1 1466035200 -1 -2
1420588800 -1 1420588800 -1 1451865600 -1 1500854400 -1 1515888000 -1 -2
1483315200 -1 1483315200 -1 1483315200 -1 1483315200 -1 1483315200 -1 -2
1417910400 -1 1419984000 -1 1433721600 -1 1470441600 -1 1530230400 -1 -2
1417478400 -1 1417478400 -1 1417478400 -1 1417478400 -1 1417478400 -1 -2
1473552000 -1 1473552000 -1 1473552000 -1 1473552000 -1 1473552000 -1 1473552000 -1 -2
1513123200 -1 1513123200 -1 1513123200 -1 1513123200 -1 1513123200 -1 1513123200 -1 1513123200 -1 -2
1456099200 -1 1456099200 -1 1456099200 -1 1456099200 -1 1456099200 -1 -2
1491523200 -1 1491523200 -1 1491523200 -1 1491523200 -1 1491523200 -1 1491523200 -1 -2
1453939200 -1 1453939200 -1 1453939200 -1 1453939200 -1 1453939200 -1 1453939200 -1 -2
1469836800 -1 1469836800 -1 1469836800 -1 1469836800 -1 1469836800 -1 -2
1365897600 -1 1365984000 -1 1370649600 -1 1370908800 -1 1370908800 -1 -2
1392854400 -1 1443139200 -1 1448755200 -1 1448755200 -1 1449446400 -1 1456358400 -1 1483228800 -1 -2
1434326400 -1 1434326400 -1 1434326400 -1 1434326400 -1 1434326400 -1 -2
1438905600 -1 1438905600 -1 1438905600 -1 1438905600 -1 1438905600 -1 1438905600 -1 -2
1487030400 -1 1487030400 -1 1487030400 -1 1487030400 -1 1487030400 -1 1487030400 -1 -2
1452384000 -1 1452384000 -1 1452384000 -1 1464048000 -1 1464048000 -1 -2
1374710400 -1 1374710400 -1 1374710400 -1 1374710400 -1 1374710400 -1 -2
1435104000 -1 1452816000 -1 1452816000 -1 1463616000 -1 1463616000 -1 -2
1460678400 -1 1461801600 -1 1461888000 -1 1461888000 -1 1461888000 -1 1461888000 -1 -2
1411948800 -1 1411948800 -1 1411948800 -1 1411948800 -1 1411948800 -1 -2
1417996800 -1 1417996800 -1 1417996800 -1 1417996800 -1 1417996800 -1 -2
1455321600 -1 1457913600 -1 1458864000 -1 1459987200 -1 1467072000 -1 -2
1429833600 -1 1429833600 -1 1429833600 -1 1429833600 -1 1429833600 -1 1429833600 -1 -2
1501113600 -1 1501113600 -1 1501113600 -1 1501113600 -1 1501113600 -1 1501113600 -1 -2
1407542400 -1 1407542400 -1 1407542400 -1 1407542400 -1 1407542400 -1 -2
1437955200 -1 1437955200 -1 1437955200 -1 1437955200 -1 1437955200 -1 1437955200 -1 -2
1174521600 -1 1340064000 -1 1365465600 -1 1365465600 -1 1427068800 -1 -2
1427155200 -1 1427155200 -1 1427155200 -1 1427155200 -1 1427155200 -1 1427155200 -1 -2
1440115200 -1 1440115200 -1 1440115200 -1 1440115200 -1 1440115200 -1 1440115200 -1 1488931200 -1 -2
1435622400 -1 1435622400 -1 1435622400 -1 1435622400 -1 1435622400 -1 1435622400 -1 -2
1312675200 -1 1383436800 -1 1385251200 -1 1411603200 -1 1470182400 -1 1470182400 -1 -2
1386633600 -1 1386633600 -1 1386633600 -1 1386633600 -1 1386633600 -1 -2
1388361600 -1 1388361600 -1 1388361600 -1 1388361600 -1 1388361600 -1 -2
1427673600 -1 1427673600 -1 1427673600 -1 1427673600 -1 1427673600 -1 -2
1523491200 -1 1523491200 -1 1523491200 -1 1523491200 -1 1523491200 -1 -2
1451347200 -1 1451347200 -1 1451347200 -1 1451347200 -1 1451347200 -1 1451347200 -1 -2
1365638400 -1 1383004800 -1 1408233600 -1 1411171200 -1 1422662400 -1 1442188800 -1 1486857600 -1 1500940800 -1 1505692800 -1 1505692800 -1 -2
1471392000 -1 1471392000 -1 1471392000 -1 1471392000 -1 1471392000 -1 -2
1485129600 -1 1485129600 -1 1485129600 -1 1485129600 -1 1485129600 -1 1485129600 -1 -2
1432080000 -1 1432080000 -1 1432080000 -1 1432080000 -1 1432080000 -1 1432080000 -1 -2
1422057600 -1 1422057600 -1 1422057600 -1 1422057600 -1 1422057600 -1 -2
1417651200 -1 1417651200 -1 1496188800 -1 1499385600 -1 1499385600 -1 -2
1494806400 -1 1494806400 -1 1494806400 -1 1494806400 -1 1494806400 -1 1494806400 -1 -2
1494892800 -1 1494892800 -1 1494892800 -1 1494892800 -1 1494892800 -1 -2
1468454400 -1 1468454400 -1 1468454400 -1 1468454400 -1 1468454400 -1 1468454400 -1 -2
1467417600 -1 1467849600 -1 1468540800 -1 1473724800 -1 1475107200 -1 -2
1472083200 -1 1472083200 -1 1472083200 -1 1472083200 -1 1472083200 -1 1472083200 -1 -2
1493856000 -1 1493856000 -1 1493856000 -1 1493856000 -1 1493856000 -1 1493856000 -1 1527379200 -1 -2
1469750400 -1 1469750400 -1 1469750400 -1 1469750400 -1 1469750400 -1 -2
1365033600 -1 1365033600 -1 1365033600 -1 1365033600 -1 1365033600 -1 -2
1447804800 -1 1447804800 -1 1447804800 -1 1447804800 -1 1447804800 -1 -2
1320364800 -1 1417392000 -1 1417737600 -1 1459814400 -1 1461888000 -1 -2
1484611200 -1 1484611200 -1 1484611200 -1 1484611200 -1 1484611200 -1 1484611200 -1 -2
1327536000 -1 1327536000 -1 1327536000 -1 1327536000 -1 1327536000 -1 -2
1365206400 -1 1365379200 -1 1443139200 -1 1470787200 -1 1470787200 -1 1487462400 -1 -2
1377475200 -1 1377475200 -1 1377475200 -1 1377475200 -1 1377475200 -1 1470614400 -1 -2
1402358400 -1 1462406400 -1 1465344000 -1 1480896000 -1 1480896000 -1 -2
1233878400 -1 1284336000 -1 1428624000 -1 1486944000 -1 1503878400 -1 -2
1534982400 -1 1534982400 -1 1534982400 -1 1534982400 -1 1534982400 -1 1534982400 -1 1534982400 -1 1534982400 -1 1534982400 -1 1534982400 -1 1534982400 -1 -2
1439769600 -1 1439769600 -1 1439769600 -1 1439769600 -1 1439769600 -1 -2
1478390400 -1 1478390400 -1 1478390400 -1 1478390400 -1 1478390400 -1 -2
1375056000 -1 1380240000 -1 1415923200 -1 1416528000 -1 1420848000 -1 1432166400 -1 1435017600 -1 1435104000 -1 1440460800 -1 1440547200 -1 1440806400 -1 1445990400 -1 1447459200 -1 1450915200 -1 1461888000 -1 1463011200 -1 1499990400 -1 -2
1497657600 -1 1497657600 -1 1497657600 -1 1497657600 -1 1497657600 -1 1497657600 -1 -2
1477094400 -1 1477094400 -1 1477094400 -1 1477094400 -1 1477094400 -1 1477094400 -1 -2
1412294400 -1 1412294400 -1 1412294400 -1 1412294400 -1 1412294400 -1 -2
1445904000 -1 1445904000 -1 1445904000 -1 1445904000 -1 1445904000 -1 -2
1302998400 -1 1313193600 -1 1349913600 -1 1403654400 -1 1418342400 -1 1430870400 -1 1459036800 -1 1469404800 -1 1478736000 -1 -2
1385337600 -1 1385337600 -1 1385337600 -1 1385337600 -1 1385337600 -1 1526774400 -1 -2
1349654400 -1 1349654400 -1 1349654400 -1 1349654400 -1 1349654400 -1 1349654400 -1 -2
1376784000 -1 1376784000 -1 1376784000 -1 1376784000 -1 1376784000 -1 -2
1407110400 -1 1407110400 -1 1407110400 -1 1407110400 -1 1407110400 -1 -2
1231027200 -1 1258329600 -1 1259712000 -1 1259712000 -1 1259712000 -1 -2
1441238400 -1 1441238400 -1 1441238400 -1 1441238400 -1 1441238400 -1 1441238400 -1 -2
1477958400 -1 1477958400 -1 1477958400 -1 1477958400 -1 1477958400 -1 -2
1472515200 -1 1472515200 -1 1472515200 -1 1472515200 -1 1472515200 -1 1472515200 -1 -2
1335484800 -1 1335484800 -1 1335484800 -1 1335484800 -1 1343520000 -1 -2
1365379200 -1 1365379200 -1 1365379200 -1 1365379200 -1 1365379200 -1 -2
1403049600 -1 1409270400 -1 1414108800 -1 1450656000 -1 1503964800 -1 -2
1430956800 -1 1442793600 -1 1442793600 -1 1442793600 -1 1442793600 -1 1513209600 -1 -2
1408579200 -1 1408579200 -1 1408579200 -1 1408579200 -1 1408579200 -1 -2
1439942400 -1 1439942400 -1 1439942400 -1 1439942400 -1 1439942400 -1 1439942400 -1 -2
1360454400 -1 1360454400 -1 1360454400 -1 1360454400 -1 1360454400 -1 -2
1485820800 -1 1485820800 -1 1485820800 -1 1485820800 -1 1485820800 -1 -2
1353801600 -1 1367798400 -1 1395619200 -1 1395619200 -1 1397606400 -1 -2
1197244800 -1 1197331200 -1 1276560000 -1 1336348800 -1 1445817600 -1 1503964800 -1 1505174400 -1 -2
1413936000 -1 1423699200 -1 1424822400 -1 1426118400 -1 1443139200 -1 1444176000 -1 1450137600 -1 1450310400 -1 1452988800 -1 -2
1366243200 -1 1366243200 -1 1366243200 -1 1366243200 -1 1366243200 -1 -2
1368489600 -1 1441929600 -1 1445299200 -1 1508198400 -1 1508198400 -1 -2
1272844800 -1 1272844800 -1 1475712000 -1 1481587200 -1 1486166400 -1 1486166400 -1 -2
1440460800 -1 1440460800 -1 1440460800 -1 1440460800 -1 1440460800 -1 -2
1455321600 -1 1455321600 -1 1455321600 -1 1455321600 -1 1455321600 -1 1489104000 -1 -2
1367107200 -1 1387411200 -1 1423526400 -1 1431648000 -1 1431648000 -1 -2
1454976000 -1 1454976000 -1 1454976000 -1 1454976000 -1 1454976000 -1 -2
1386374400 -1 1386374400 -1 1386374400 -1 1386374400 -1 1386374400 -1 -2
1386115200 -1 1446854400 -1 1453939200 -1 1464566400 -1 1466640000 -1 -2
1437264000 -1 1437264000 -1 1437264000 -1 1437264000 -1 1437264000 -1 -2
1431129600 -1 1431129600 -1 1431129600 -1 1431129600 -1 1431129600 -1 -2
1389052800 -1 1389052800 -1 1389052800 -1 1389052800 -1 1389052800 -1 1389052800 -1 -2
1435017600 -1 1435017600 -1 1435017600 -1 1435017600 -1 1435017600 -1 -2
1481673600 -1 1481673600 -1 1481673600 -1 1481673600 -1 1481673600 -1 -2
1453852800 -1 1454976000 -1 1457481600 -1 1457481600 -1 1457481600 -1 1461888000 -1 -2
1468454400 -1 1468454400 -1 1468454400 -1 1468454400 -1 1468454400 -1 1468454400 -1 -2
1344384000 -1 1344384000 -1 1344384000 -1 1344384000 -1 1344384000 -1 1344384000 -1 -2
1369526400 -1 1369526400 -1 1369526400 -1 1369526400 -1 1369526400 -1 -2
1452988800 -1 1452988800 -1 1452988800 -1 1452988800 -1 1452988800 -1 1452988800 -1 -2
1487894400 -1 1487894400 -1 1487894400 -1 1487894400 -1 1487894400 -1 -2
1427068800 -1 1451433600 -1 1451433600 -1 1464912000 -1 1518220800 -1 -2
1407283200 -1 1407283200 -1 1407283200 -1 1407283200 -1 1407283200 -1 1407283200 -1 -2
1363046400 -1 1363046400 -1 1363046400 -1 1363046400 -1 1363046400 -1 -2
1460678400 -1 1460678400 -1 1462492800 -1 1463356800 -1 1475884800 -1 -2
1478822400 -1 1478822400 -1 1478822400 -1 1478822400 -1 1478822400 -1 -2
1379980800 -1 1379980800 -1 1379980800 -1 1379980800 -1 1379980800 -1 -2
1482278400 -1 1482278400 -1 1482278400 -1 1482278400 -1 1482278400 -1 -2
1369612800 -1 1369612800 -1 1369612800 -1 1369612800 -1 1369612800 -1 -2
1252022400 -1 1351987200 -1 1351987200 -1 1455408000 -1 1455408000 -1 -2
1482624000 -1 1482624000 -1 1482624000 -1 1482624000 -1 1482624000 -1 -2
1433635200 -1 1433635200 -1 1433635200 -1 1433635200 -1 1433635200 -1 1433635200 -1 -2
1439424000 -1 1439424000 -1 1439424000 -1 1439424000 -1 1439424000 -1 -2
1441411200 -1 1441411200 -1 1441411200 -1 1441411200 -1 1441411200 -1 1441411200 -1 -2
1389139200 -1 1416528000 -1 1439596800 -1 1439596800 -1 1468627200 -1 -2
1371081600 -1 1391299200 -1 1392681600 -1 1414886400 -1 1422316800 -1 1429833600 -1 1429833600 -1 1434240000 -1 1442966400 -1 1456790400 -1 1457395200 -1 1457913600 -1 1457913600 -1 1461628800 -1 1465430400 -1 1468368000 -1 1472342400 -1 1473984000 -1 1474329600 -1 1475625600 -1 1481068800 -1 1485820800 -1 1501804800 -1 -2
1458086400 -1 1458086400 -1 1458086400 -1 1458086400 -1 1458086400 -1 1458086400 -1 -2
1494374400 -1 1494374400 -1 1494374400 -1 1494374400 -1 1494374400 -1 -2
1496275200 -1 1496275200 -1 1496275200 -1 1496275200 -1 1496275200 -1 1496275200 -1 -2
1404432000 -1 1404432000 -1 1404432000 -1 1404432000 -1 1404432000 -1 -2
1494633600 -1 1494633600 -1 1494633600 -1 1494633600 -1 1494633600 -1 1494633600 -1 -2
1398038400 -1 1398038400 -1 1398038400 -1 1398038400 -1 1398038400 -1 -2
1465257600 -1 1465257600 -1 1465257600 -1 1465257600 -1 1465257600 -1 -2
1523318400 -1 1523318400 -1 1523318400 -1 1523318400 -1 1523318400 -1 -2
1415059200 -1 1415059200 -1 1415059200 -1 1415059200 -1 1415059200 -1 1415059200 -1 -2
1390089600 -1 1390089600 -1 1390089600 -1 1390089600 -1 1390089600 -1 1390089600 -1 -2
1493337600 -1 1493337600 -1 1493337600 -1 1493337600 -1 1493337600 -1 1493337600 -1 -2
1439596800 -1 1439596800 -1 1439596800 -1 1439596800 -1 1439596800 -1 1439596800 -1 -2
1471046400 -1 1471046400 -1 1503878400 -1 1504742400 -1 1504742400 -1 -2
1313625600 -1 1313625600 -1 1313798400 -1 1313798400 -1 1321228800 -1 -2
1446422400 -1 1446422400 -1 1446422400 -1 1446422400 -1 1446422400 -1 -2
1456790400 -1 1456790400 -1 1456790400 -1 1456790400 -1 1456790400 -1 -2
1393372800 -1 1393372800 -1 1393372800 -1 1393372800 -1 1393372800 -1 -2
1461024000 -1 1461024000 -1 1461024000 -1 1461024000 -1 1461024000 -1 1461024000 -1 -2
1412726400 -1 1412726400 -1 1412726400 -1 1412726400 -1 1412726400 -1 1419465600 -1 1431388800 -1 -2
1302134400 -1 1302134400 -1 1311811200 -1 1316476800 -1 1316563200 -1 1316649600 -1 1321488000 -1 1321747200 -1 1321833600 -1 1322524800 -1 1323734400 -1 1323734400 -1 -2
1388448000 -1 1388448000 -1 1388448000 -1 1388448000 -1 1388448000 -1 -2
1439510400 -1 1439510400 -1 1439510400 -1 1439510400 -1 1439510400 -1 -2
1363651200 -1 1364083200 -1 1364083200 -1 1366243200 -1 1366243200 -1 1405900800 -1 -2
1408752000 -1 1408752000 -1 1408752000 -1 1408752000 -1 1408752000 -1 -2
1379980800 -1 1379980800 -1 1379980800 -1 1379980800 -1 1379980800 -1 -2
1523059200 -1 1523059200 -1 1523059200 -1 1523059200 -1 1523059200 -1 -2
1492387200 -1 1492387200 -1 1492387200 -1 1492387200 -1 1492387200 -1 -2
1453507200 -1 1453507200 -1 1453507200 -1 1453507200 -1 1453507200 -1 -2
1421798400 -1 1422403200 -1 1424908800 -1 1426809600 -1 1440374400 -1 -2
1436313600 -1 1436313600 -1 1464220800 -1 1467936000 -1 1476921600 -1 -2
1439856000 -1 1439856000 -1 1439856000 -1 1439856000 -1 1439856000 -1 -2
1503878400 -1 1504310400 -1 1504310400 -1 1504310400 -1 1504310400 -1 1506384000 -1 -2
1377734400 -1 1377734400 -1 1377734400 -1 1377734400 -1 1377734400 -1 1377734400 -1 -2
1249516800 -1 1395014400 -1 1408406400 -1 1423785600 -1 1497830400 -1 1506643200 -1 1506643200 -1 -2
1412035200 -1 1412035200 -1 1412035200 -1 1412035200 -1 1412035200 -1 -2
1386460800 -1 1386460800 -1 1386460800 -1 1386460800 -1 1386460800 -1 -2
1352592000 -1 1352592000 -1 1352592000 -1 1352592000 -1 1352592000 -1 1352592000 -1 -2
1365206400 -1 1365206400 -1 1365206400 -1 1365206400 -1 1365206400 -1 -2
1440115200 -1 1440115200 -1 1440115200 -1 1440115200 -1 1440115200 -1 -2
1368921600 -1 1368921600 -1 1368921600 -1 1368921600 -1 1368921600 -1 -2
1459036800 -1 1459036800 -1 1459036800 -1 1459036800 -1 1459036800 -1 1472083200 -1 -2
1473724800 -1 1473724800 -1 1473724800 -1 1473724800 -1 1473724800 -1 1473724800 -1 -2
